-5.842808102747497e-05
-3.97443404122736e-18
3.508778887391038e-18
-1.0185844178110322e-18
-2.8277091947907063e-05
-0.00011042211434868766
1.716277530545028e-18
-0.00014480644499517022
-0.002987558758679572
-1.9436849383215285e-16
8.866929206474387e-17
-1.2637857793076102e-17
0.001534238464470495
-0.00468651047584544
3.339404035025015e-17
0.0009961252452590713
6.312612140531383e-16
-0.005676397848945356
-0.002794186494519861
6.225293870618363e-18
4.2401280196101145e-17
7.365319014108922e-18
0.008518113860802786
1.205037005208252e-17
0.007898131397479018
-3.875620618407495e-17
-1.1539610042232097e-16
8.491158624507401e-18
0.0004987977227963235
-2.3002146497055485e-05
4.1425335586840836e-17
-0.005699640871172766
-3.95370337071378e-17
-2.0680247531394762e-17
-3.2069400189275366e-17
-0.004882135806028751
5.0014498803906984e-17
2.8357259634150835e-17
-4.4739469749474554e-18
-7.736542878957649e-18
