1.4851661254259408e-18
1.0789823077126112e-18
-1.7111567843050198e-11
-6.807393181769758e-05
5.578457848362559e-12
-1.2344659197709844e-18
-4.408467909644457e-19
0.0003699196722446757
1.9778855134247357e-17
2.974232730068707e-18
2.1597177627201958e-11
-5.888662074188069e-19
3.201930536604957e-19
4.1910855868021533e-19
3.0358416013272104e-19
1.8588516163095744e-19
-6.63349946410692e-19
0.00010947604862937839
3.113518013705793e-19
-1.087764674590649e-18
-1.081066447630821e-12
4.673448136855625e-18
-3.227342131508328e-18
-0.00023186496499915234
4.8014225505193654e-12
7.69086775229305e-05
-7.891955235580975e-17
2.8528636278860615e-17
-2.7334975550450787e-11
-3.1963912760700832e-18
-1.969670555435741e-18
0.0002928833104439984
1.454228126876742e-18
-4.1753158835513215e-19
-2.538861232890004e-19
-1.1245833382790356e-18
-2.740261209415843e-19
1.6089536467228376e-21
-8.097619995443457e-12
-3.280239811271235e-20
-4.866310228767894e-19
-1.458467056809741e-05
1.318795877277885e-17
-2.3799860687569495e-17
3.241722924196774e-14
0.0031078655709870636
8.260038782017873e-12
-5.891605389703302e-17
3.3925696742643563e-17
-0.0019319558110913705
-9.708639862496562e-17
-1.7444960788624642e-17
4.932644279754783e-13
-2.5244601906892563e-17
-8.789921341139387e-18
8.537889924769889e-19
-4.858470114932239e-19
7.000004743793776e-18
-1.535918938009716e-17
0.005489574889953313
-5.963177114054142e-18
-3.9847277913946514e-17
-3.0291221856483204e-13
1.0216379576766848e-16
1.567032912532592e-16
-0.016530276050561205
3.632918449780621e-11
-0.011974693749623837
1.1856660534430359e-14
-4.391690706908013e-15
3.250266272382382e-12
1.2499764040535057e-16
9.570452294893563e-17
0.00222414901108789
2.332413462148547e-18
2.2173865374384984e-18
-7.608459087761482e-18
-2.534019596280843e-17
-1.0176392069292316e-17
-3.580194385917752e-17
-1.1137330590769244e-12
-2.9635816400289655e-18
-8.815761992143796e-18
0.0006545307605069592
8.424449306188412e-17
-4.9964617257607304e-17
-6.441263181321855e-12
0.0028133789847157352
6.521871776657104e-12
-5.665854152116511e-17
4.549038277271601e-17
0.005938103981618832
2.939849935717943e-16
2.980682072886639e-17
6.268626983723282e-13
-1.3375662669160015e-17
5.4495018128707155e-18
-4.184557837753342e-18
1.105591224401044e-17
-3.0688248641445507e-18
1.2366580346721804e-17
0.006738007111754708
-9.341622918762977e-18
-4.318225522435422e-17
-1.117456854834649e-13
7.916100118805798e-13
-1.2406077272872167e-11
-4.905493426638469e-17
5.463355212919767e-16
1.6356776729814252e-14
0.0035044424442286773
-0.034951538955964805
6.908235318273858e-17
2.8050275250598272e-12
-1.0650567582752323e-11
2.0324494131534812e-17
0.000458246120599411
-0.014897245452931451
-3.544799699929263e-18
-1.7346623158712792e-17
-4.780110923211537e-18
-5.842050736437199e-18
7.303947319799433e-18
2.5276484133378326e-13
-4.800724874265614e-14
1.2579132802228781e-17
-1.240801300312497e-11
-7.924880595333919e-13
-1.878173573559265e-16
7.420561674716547e-16
3.344480350713543e-14
0.0349515389559648
0.0035044424442284634
2.2900369653874316e-16
-1.0650714701976604e-11
-2.805373242139326e-12
9.956367573710102e-17
0.01489724545293143
0.0004582461205993537
-6.297034226222116e-18
-1.3424860467415637e-18
-6.3504084629902496e-18
-4.505485677878221e-18
1.0855340640480552e-17
-4.8015033868778666e-14
-2.528010545708688e-13
5.052188694185692e-17
