-5.7407216666777836e-05
-8.0963276731350585e-19
5.1067952413187194e-20
-5.94099793341946e-19
-2.8174070187761668e-05
-0.00011073741751972034
8.926066675600953e-19
-0.00014574084032570057
-0.003105308119471035
-4.6099313914980243e-17
-2.2870718854666227e-17
-1.1091588425550364e-17
0.001647287444586445
-0.004696189610535848
-5.804532801832422e-17
0.0009815155126405692
-2.2490048829468327e-16
-0.005368522336983408
-0.0027280995378157354
2.3279769892697213e-18
1.0393789315538567e-17
-8.711938945367967e-17
0.00848988677278283
4.333483603083464e-17
0.008455447218512989
-2.7612400653479733e-16
1.1172886184865623e-17
1.0226143149317574e-17
-6.831501055895123e-06
-9.907093574298083e-07
1.1903669970004534e-16
-0.005696448771559753
5.060000179898232e-18
-4.5997884770351006e-18
-3.949423224203614e-17
-0.004686647792635843
6.915144576408103e-17
3.522870304593055e-17
-8.423319989043864e-18
-1.5981402182864454e-18
