-0.00023267399044231155
-2.3329080655313426e-18
-6.553836990365383e-18
-4.121703842336064e-18
-0.00034752227868669987
2.7552614211652242e-05
-6.630806813727354e-19
-0.0004475023716205613
-2.5803587951954917e-18
-0.00016006345807161092
-4.827285386996124e-05
6.660203393529501e-19
1.4098958924407697e-18
1.5257287037395532e-18
-0.00046368761764692477
-3.9417447270172036e-18
-6.2871386510321264e-18
-4.827285386996144e-05
7.618107597571052e-06
-4.9271343828022016e-18
-1.1264788475020637e-17
8.2955356656459e-18
-0.00016274867283220563
-9.44634479925789e-18
-4.121703842336062e-18
6.660203393529518e-19
-4.927134382802205e-18
-0.0010074926704275434
6.90631428145244e-18
5.978368866792019e-18
8.924287318644239e-19
-7.94976304245639e-18
-0.0003475222786866994
1.3666333749588847e-18
-1.1264784622673005e-17
6.906314281452444e-18
-0.0006323269068805058
0.0003837028156117063
1.1162766536860354e-17
-0.0004593887541355771
2.755261421165241e-05
1.421947274006063e-18
8.159172234261609e-18
5.978368866792017e-18
0.00038370281561170646
-0.000752329317159257
8.250519375785883e-18
-0.00032399270581175913
-3.685685454658482e-19
-0.0004636876176469246
-0.0001627486728322057
8.924287318644227e-19
1.1028743778754051e-17
8.122174695901999e-18
-0.0011366866540526237
3.236176195162025e-19
-0.00044750237162056235
-6.299140386672661e-18
-9.20139239028074e-18
-7.949763042456365e-18
-0.0004593887541355755
-0.00032399270581175865
2.234611135978017e-18
-0.0009376471914626936
9.033100292002617e-05
9.698868636391474e-19
1.2832308039770955e-18
6.042754628354982e-19
0.0001762807441169389
-0.0002391055819695408
1.6808742443942727e-18
-4.805103367861301e-05
-6.628729728874958e-19
0.00028698783664734206
6.0018635255566826e-05
-7.2610460017102545e-19
-5.855178944456564e-18
-4.708595158184367e-18
0.00043801918713558307
2.317655396493144e-19
7.670666281086117e-18
9.077123734041683e-05
-4.457684016766641e-06
4.572192888597832e-18
7.324843028035009e-18
-1.0027937160642193e-17
0.00014966161693064507
4.659882442423684e-18
8.690092512310497e-19
-1.1454523107169e-18
4.481121676386411e-18
0.0009388640185463119
-9.6878877098043e-18
-9.454077880958498e-18
-7.402356141769165e-19
-1.6486190904536866e-18
0.0003534418926743604
-5.462436631136159e-18
6.142967526981116e-18
-8.215882015898515e-18
0.0005084677181570438
-0.00047440267080748905
-1.0016680710779495e-17
9.625929097840375e-05
-0.00045854118718687616
-5.10721024043886e-18
-1.4741677798279183e-17
-1.13162259362669e-17
-0.0006361265151033134
0.0003538357590142546
-6.332330152879093e-18
-0.0003502484722171098
5.710235555269838e-18
0.0007049017632604275
0.00018111142809137278
-9.485412736755308e-19
-1.0472392331590305e-17
-6.3022077916165165e-18
0.0009808464082095313
3.824996983256298e-18
-1.4144773874385223e-05
6.555939992135674e-18
-2.210341749970017e-18
-1.1897372559414904e-18
3.9538697960593496e-06
-0.00020516721431150484
-1.8293323067946387e-18
-0.000279697176321041
1.4072652555371542e-18
-2.8981483145903103e-05
-0.00011397564259896252
7.0386522695601285e-19
1.5807981757140885e-18
4.912761755710189e-18
-0.0001045906087130345
6.072628698481599e-18
0.00014305097760170294
-1.5320561254468639e-18
-5.327544823804598e-19
1.067185376939718e-18
2.4055756747288347e-05
0.00011659423277923706
-6.272373152490429e-18
0.00038571330500081864
5.683501585089255e-05
-9.167278871471352e-19
-7.987931862165618e-18
6.137529387340218e-19
1.915284369716972e-05
5.8095126117816194e-05
-1.4498982036181484e-18
0.00014177279105897806
-4.757823620149454e-19
-1.04831868873485e-18
-1.5912862091265484e-18
-3.5451517756468975e-18
-9.135144902263877e-20
-4.453521101878644e-19
-2.560016442595804e-18
-1.2815631723532668e-18
-2.8334934667537346e-18
-6.60030890151037e-05
-0.0002330781744771929
1.3479833238910178e-18
2.805199504343452e-19
3.5599788778371125e-18
-7.734358822325684e-05
8.118254654683598e-19
-3.789072630234687e-18
6.206424553451182e-05
0.0002299559164501185
-1.196608735035413e-18
-7.507356869900009e-18
-6.469305012691982e-18
-0.00013120826487317895
-1.255844846393174e-17
0.0002808726401040318
1.6249852796384297e-18
-2.2331308643338736e-18
1.948043651849781e-18
3.120103412788829e-05
0.00023200086077804007
-2.4396754929454116e-19
0.0007775082953577946
4.937263355550103e-19
-2.3050324623681083e-05
-6.4581051870859e-05
5.166391904060642e-19
8.725718935233915e-19
6.302953470719616e-18
-0.00024525878326942766
1.9614265831417023e-18
-0.00010179538755300462
1.492366932399188e-18
2.256945463814839e-18
-1.1329357155331229e-18
5.7640611385170054e-05
-0.00030041111333370494
-7.375855799027904e-19
-0.0002551707848810779
4.004569885031313e-18
0.00014707472671374427
0.00018756727946994515
-1.2001724663391281e-18
-2.2419043485934366e-18
-4.063090485481379e-18
0.00015995197847534716
6.127916901384011e-18
-1.7411804093340398e-18
4.8719366416154456e-05
5.329352988335427e-05
1.4447035328549327e-18
3.0243759735594123e-19
-6.312855584183031e-18
6.064176260914895e-05
-7.399677423632572e-18
-1.3155149716496039e-18
-5.856234532523379e-19
1.1846071872664196e-18
0.0003602206523606133
-3.2714837515349682e-18
-7.90616597166527e-18
-3.0303424419326487e-19
-4.0807317831627315e-18
-0.0001485582876087424
-2.365433025791388e-18
-3.2715007791817733e-19
-6.669385514545135e-18
7.894344220348603e-05
-0.0005259510278098811
-3.1932515235533436e-18
-0.0005058626710022381
9.327669277819776e-05
-2.1003768417802225e-18
-5.361029185588645e-19
-2.767780024792084e-19
-5.820705233130816e-06
0.00030204669934870643
-3.937388175561913e-18
0.00043909308382919943
5.868924966556338e-18
0.00035971536953828163
0.00041191094873329476
-2.2715855897438507e-18
-1.4554922324576777e-17
5.842436748468064e-18
0.0003711986468124774
1.2623134628601547e-17
-5.836446905955304e-05
-3.4460598595113376e-19
3.2833355217446293e-18
-9.724865294239442e-20
0.0001406414025438084
-0.00032306535361502044
-2.2830826596378547e-18
-0.0001615795538609551
-1.1013257377678102e-19
-5.2710340564052375e-21
-5.300137841060536e-19
-0.00010786383413016733
1.3264493206899715e-18
2.3898006609789747e-19
-9.551796928284789e-20
-1.818975977870614e-19
-9.966382821746504e-21
1.41239557555063e-19
9.016200885916298e-20
-1.6530597390722638e-18
-4.6493446126855705e-20
-3.2121151725977855e-20
2.796923027578648e-19
-1.3891036533740335e-21
2.308253637366723e-18
4.2308264866826356e-20
1.1852606073711634e-20
9.767851418131974e-19
2.356642630521789e-18
2.782388028848767e-18
1.0173558355187025e-19
3.253310268758888e-18
0.00045975794772815077
8.571415738058915e-19
1.2906372355147685e-17
6.912777424831868e-18
0.0004747714186617654
0.0005572138434628415
7.923110401082097e-19
0.0006487580349224682
-5.759617085763375e-18
1.1670685167917924e-20
-3.886335505159939e-19
-7.48484406154643e-05
-4.7478738413102924e-18
-7.047772214478118e-18
-7.492170351603112e-20
-8.342525537805808e-18
-2.6683567916355026e-18
-1.9872325817710368e-20
-6.424116564372982e-19
-0.0001313752013797695
-1.2903838567401398e-18
-2.0539726214789714e-18
-1.1133587960822942e-19
-3.3769357261383385e-18
4.360039911134943e-19
3.7951680758372636e-19
2.396059064268544e-19
5.756069004181335e-18
3.7694854472055544e-19
4.718938645933463e-19
6.281300225640033e-19
6.165198304383406e-19
9.328786914895421e-20
-6.427785852478193e-21
-1.3129603360497888e-18
-0.0002606658195685227
3.489944832597837e-18
1.3754148674608364e-18
-2.367856525077562e-19
3.65401717614096e-20
9.033100292002844e-05
-1.1658510764639901e-18
8.610978199873775e-18
8.690092512310866e-19
0.0003534418926743626
-0.00045854118718687204
6.633054051004405e-18
-1.4144773874373477e-05
1.1584848020028339e-18
0.0002869878366473422
9.077123734041787e-05
-1.1454523107168751e-18
-4.132597295192384e-18
-4.205470344404442e-18
0.0007049017632604278
6.0571648223512256e-18
3.927601133510062e-18
6.001863525556762e-05
-4.457684016767404e-06
4.481121676386405e-18
5.323266214295481e-18
-1.5120018606518437e-17
0.00018111142809137216
-6.886728921481647e-18
6.04275462835453e-19
-7.261046001710269e-19
4.572192888597839e-18
0.0009388640185463113
-8.215882015898515e-18
-1.1316225936266907e-17
-9.485412736755249e-19
-1.1897372559414592e-18
0.00017628074411693697
-4.418784862975731e-18
7.214852956627865e-18
-9.68788770980431e-18
0.0005084677181570431
-0.0006361265151033143
-1.1127920127856836e-17
3.953869796059021e-06
-0.00023910558196954307
-5.1377747623264695e-18
-9.888423112139306e-18
-9.454077880958502e-18
-0.00047440267080748954
0.00035383575901425454
-6.019105542430371e-18
-0.0002051672143114995
2.672904127308932e-18
0.00043801918713558274
0.00014966161693064428
-7.402356141769293e-19
-1.0909172946912642e-17
-6.571197675629904e-18
0.000980846408209531
-1.8879014014471898e-18
-4.8051033678617855e-05
-3.1326996965330567e-18
4.855464424690853e-18
-1.648619090453741e-18
9.625929097840012e-05
-0.00035024847221711366
5.109178614156684e-18
-0.00027969717632104764
-0.0162686886571393
-1.2258000926598653e-16
-3.2385312538353175e-16
-1.593233782861497e-16
-0.012434619139677647
-0.0009845891948759241
2.1475813277137765e-18
-0.010116381821630757
-3.616299489700348e-17
-0.00807229421863047
-0.0033824022698885205
2.4704758904408746e-17
1.4666189557045528e-16
1.0327059793038063e-16
-0.007094136015646225
-5.897594714894232e-17
-3.6493253699540757e-16
-0.0033824022698884684
-0.007335821169368703
-1.0084690497858185e-18
-2.1194924528098765e-16
9.772637348917035e-18
-0.003130953227975781
-1.2603610200859666e-16
-1.593233782861501e-16
2.470475890440814e-17
-1.0084690497859833e-18
-0.008802805111585689
-7.944853144935143e-17
7.47328437256798e-18
1.6873570402439556e-17
-9.370785737723294e-17
-0.012434619139677701
1.2297162274424959e-16
-2.1501510470511988e-16
-7.944853144935137e-17
-0.015188548865421895
-0.0006365546003763638
9.854771247851986e-17
-0.0066624741378096776
-0.0009845891948759623
6.884281048244628e-17
4.0492040833383925e-18
7.473284372568079e-18
-0.0006365546003763698
-0.006149551510261759
7.193037752293851e-17
-0.0016674739859651193
-3.385274931374169e-17
-0.007094136015646217
-0.003130953227975763
1.6873570402439328e-17
8.858429633480631e-17
5.668172591090238e-17
-0.009122494177752837
5.568137512371952e-17
-0.010116381821630684
5.9150112981975216e-18
-2.2083242954753627e-16
-9.370785737723363e-17
-0.006662474137809784
-0.0016674739859651384
1.6634064073023903e-18
-0.012661877285854514
-3.878511658969136e-16
-0.017775813801162672
-0.0023746684201555097
2.2794122736060374e-17
-1.5231537853889633e-16
2.313582447352625e-16
-0.015331811301649708
-7.045844438415092e-17
-0.010256867312121084
3.812361668233803e-17
-1.9704347772954694e-16
-9.270948176819262e-17
-0.0058685069699621695
-0.0030231859107022075
4.681699956212904e-17
-0.005741126182337131
-0.005787835304300796
-2.8297268537766016e-16
-7.310228346425845e-16
-1.7921726494414274e-16
-0.012480593405734798
-0.005175598802651337
-3.1879836843791294e-16
3.2988943856596135e-05
3.7488606450224895e-17
-1.7174810874390583e-16
-1.5247046013116265e-16
2.7133216428153308e-17
7.280524404657883e-17
3.1641262213294126e-17
-1.8771350884228327e-16
3.934224284826795e-18
-1.1261653788584195e-16
-0.011081144016906895
-0.010384813757481966
6.42521640246349e-17
3.990414321049938e-16
2.996032812607007e-16
-0.011570415534031918
-7.556244106624672e-17
8.464531777121664e-17
-0.005571892153536731
-0.005190539663267101
3.348703743823058e-17
2.1008316358275976e-16
2.601319724232696e-16
-0.007635849403896044
1.1537673484217155e-16
-0.009741512773451234
1.7276832190024636e-17
-2.438081341944124e-16
-1.181790326682502e-16
-0.00716428752715477
-0.005189185655177283
2.5452685859967425e-17
-0.007116768384478134
-1.9612835652290258e-16
-0.01153781305722679
-0.0014042604893248257
1.6290339378736498e-17
-1.0980222337060316e-16
2.4951354539429293e-16
-0.01434872304686817
-5.895775104369324e-17
0.015971444807152187
-2.7935806360626207e-16
2.7320592592938247e-16
1.3340342841717893e-16
0.014286079180007995
-0.009059488239054664
-2.2427701617017035e-16
0.0018310014462547294
-1.7316947551681027e-16
-0.002565568574346343
-0.0031027838222671684
1.847339519623533e-17
5.8368967472907e-17
-1.046891592907404e-16
-0.0015551479532331515
-5.4043731016686035e-17
2.585252645543125e-16
0.0008975465995122539
0.005167046002047003
-4.441599576302401e-17
1.0336712921388711e-16
-3.502024343259085e-17
0.0020469772299606657
6.515597357649562e-17
1.503053825227503e-16
-3.6287276369882795e-18
-4.379228436517966e-17
-0.003076150692692267
2.4270336728762515e-16
-3.167004927044491e-17
-1.1766278540602077e-17
1.4292761798555547e-17
0.012078710197160558
-1.47505999295755e-16
1.4528501205980087e-16
2.0978382164194483e-16
0.013599265427142593
0.00015255905678814312
-1.59794410793644e-16
0.004027559395326259
-0.000896401905155508
-1.1918353726682287e-16
5.601651385907542e-17
4.5912070645796604e-17
0.00622886784716901
-0.008418726506516401
-7.759295919691516e-17
-0.00685086912540077
-1.2345733533977556e-16
-0.0004123041403412122
0.0012221375069335287
-7.210470518592845e-18
-1.0011632103396151e-16
-3.2158422950701034e-18
-0.0023699637205536568
-1.2329584524176798e-16
0.0063503054138776644
-1.6469649477084097e-16
1.5464190042829838e-16
4.9491702824026736e-17
0.00974585254435835
-0.013845465940286275
-2.343692600182279e-16
0.00020591321829618224
1.8495460545234508e-17
3.1098141128719924e-18
-9.53352959714125e-17
-0.019645899699528954
2.52821701575625e-16
1.0329538091762715e-16
-1.7324277354701023e-17
-2.773797168793568e-19
1.4907179597823297e-18
-2.979547750489878e-18
-1.4652391701832992e-18
-7.813042386072156e-17
1.2836195538269218e-18
5.084636959615066e-19
-3.436959264175253e-18
-1.2209204579817397e-18
-4.8850858231950484e-17
2.4565167859603516e-19
1.7377359339467903e-18
-2.2339194331420155e-16
-2.6931783268537026e-17
-2.7196374622845157e-17
-6.3498706965335395e-19
-5.313554276021198e-17
-0.009680794700319259
-2.2689561394139904e-17
-1.1956668011460857e-16
-2.773036385924619e-16
-0.0051689267278441885
-0.005220909866523729
1.80831937374561e-17
-0.010280920121260842
1.2902238185238174e-16
1.151994311308902e-18
-5.4337382283148666e-17
-0.010508798798731992
2.034409925553077e-16
1.24691078603548e-16
-1.0127539081903649e-17
1.272019828949438e-16
5.641897550724776e-17
1.0152074487738598e-18
-3.920306981747664e-17
-0.007698975832599712
1.2837742058288575e-16
6.6306921582005e-17
-6.618104901054975e-18
5.5278973445956165e-17
-7.544148508187623e-18
-1.0805488695923488e-18
-1.352309601930619e-19
6.849396036404818e-17
-5.426298935958782e-18
-4.361657787866322e-18
-2.5208074785548328e-18
-8.271977960348933e-18
5.285939307136499e-18
1.236305880242553e-18
-1.0254952112995583e-16
-0.020400003877818554
2.6053618264431134e-16
1.0818973783319812e-16
-1.7666969942874437e-17
-4.815653466014079e-18
1.38849405631403e-18
0.00014305097760170302
5.68350158508921e-05
-4.757823620149399e-19
-2.781436476921812e-18
-3.52094498880698e-18
0.00028087264010403265
2.5281781203278818e-18
-2.8981483145903777e-05
-1.1354207488418218e-18
-8.975623305682396e-19
-1.0483186887348108e-18
-6.600308901510137e-05
6.206424553451496e-05
2.5321359780275725e-18
-2.305032462366494e-05
-0.00011397564259896336
-3.062910588069577e-18
-7.450083878437838e-18
-1.5912862091265665e-18
-0.00023307817447719328
0.00022995591645011765
-9.890626921506068e-19
-6.458105187085738e-05
7.038652269560197e-19
1.0671853769397367e-18
6.137529387340231e-19
-3.508875265222803e-18
1.3479833238910202e-18
-1.1966087350354111e-18
1.9480436518497765e-18
5.166391904060368e-19
1.2649746323746976e-18
2.4055756747288252e-05
1.9152843697170042e-05
-9.135144902264194e-20
2.5041662738536814e-19
-7.728714242853089e-18
3.120103412788837e-05
8.774027909607258e-20
4.098896177441743e-18
0.0001165942327792367
5.809512611781641e-05
-4.4535211018786455e-19
3.64071321352253e-18
-6.4109801204422166e-18
0.00023200086077804005
7.63774562196587e-18
-0.00010459060871303449
-8.50245195269707e-18
4.1620405465675184e-19
-2.5600164425957824e-18
-7.734358822325538e-05
-0.00013120826487317635
6.946247995659733e-19
-0.00024525878326942457
5.824610424547241e-18
0.00038571330500081766
0.00014177279105897868
-1.281563172353268e-18
8.926375873686346e-19
-1.2554805510493183e-17
0.0007775082953577923
1.6435185451280565e-18
-3.513630590656202e-16
-0.0102568673121211
-0.005787835304300799
3.748860645022505e-17
-1.0959406733338788e-16
1.0158217494491867e-16
-0.009741512773451262
-2.0991785265346077e-16
-0.017775813801162724
1.1371747197592715e-16
-3.326964969846644e-16
-1.717481087439054e-16
-0.011081144016906883
-0.005571892153536725
-1.3209434218406035e-17
-0.011537813057226747
-0.002374668420155573
-1.5441913688452122e-16
-7.264567700291273e-16
-1.5247046013116248e-16
-0.010384813757481948
-0.005190539663267113
-2.3783124600148277e-16
-0.0014042604893248008
2.2794122736060565e-17
-9.270948176819234e-17
-1.792172649441429e-16
2.845547584073518e-17
6.425216402463485e-17
3.348703743823083e-17
-1.181790326682504e-16
1.6290339378737092e-17
-1.6689831246410345e-16
-0.005868506969962147
-0.012480593405734788
7.280524404657878e-17
3.9581748715676854e-16
2.0699796072765273e-16
-0.007164287527154768
-8.085135586300425e-17
2.4259759297001696e-16
-0.003023185910702208
-0.0051755988026513395
3.1641262213294145e-17
2.9589860854098552e-16
2.6929169286832017e-16
-0.005189185655177279
2.4208256214752883e-16
-0.015331811301649735
-6.029064363707227e-17
-2.7136886858434263e-16
-1.8771350884228377e-16
-0.011570415534031915
-0.007635849403896046
8.518629264316863e-17
-0.014348723046868319
-9.902240065459286e-17
-0.005741126182337127
3.298894385661559e-05
3.934224284826576e-18
-7.749249890008665e-17
1.068343728693518e-16
-0.007116768384478094
-1.5872810572713106e-17
-0.02071067621123629
-6.477273481844258e-16
-7.81563768002541e-16
-2.0831854911464629e-16
-0.014570218791998275
-0.0057050364289752825
-3.6734650734796104e-16
-0.003439913976675068
-6.684802934063859e-16
-0.04323310901770478
-0.017759173055029977
1.131243918151599e-16
2.3747225487633006e-16
5.840900463544268e-16
-0.025631068726944938
2.7982888843068674e-17
-8.023041854590997e-16
-0.017759173055029994
-0.02773277910277987
1.4173079824072793e-16
-2.568993722139642e-16
-2.2439217240083967e-17
-0.010392831714129384
-9.638327535295275e-18
-2.0831854911464638e-16
1.1312439181516024e-16
1.417307982407282e-16
-0.003215992559341938
-2.881126109303652e-16
-1.2405770686806935e-16
7.071209081711657e-17
-2.41633496900709e-18
-0.01457021879199829
2.2491625663421e-16
-2.488315223865551e-16
-2.881126109303653e-16
-0.023345665125628034
-0.008766411911506952
-4.65713587435696e-17
0.0005508606754031176
-0.005705036428975283
5.802444147004138e-16
-2.9903330558819415e-17
-1.2405770686806922e-16
-0.008766411911506946
-0.006669046428124202
5.031427313041813e-16
-0.0011725391315295297
-3.8036120995184385e-16
-0.025631068726944987
-0.010392831714129327
7.071209081711625e-17
-6.57508086210349e-17
5.029400308617537e-16
-0.027633843839990437
7.736597102504691e-17
-0.0034399139766750735
-6.585402695423253e-18
-2.794317742244798e-17
-2.4163349690070265e-18
0.0005508606754031148
-0.0011725391315295167
4.7146813006351684e-17
-0.00525791360759218
3.8587765084887463e-16
0.01419941637229331
0.010424393617872639
-5.850550277379064e-17
-7.441851821462776e-17
-3.4048584701811726e-16
0.0034194351766385703
-2.0010564578373396e-17
0.02268812825524779
-4.957425264592344e-16
3.184200695245708e-16
1.490526305135658e-16
0.019345176477411612
-0.01609007582563452
-3.277874034450587e-16
-0.0018648939098791812
0.010077171057007703
2.7185439802712185e-16
6.761888663534785e-16
1.754616729733305e-16
0.014466371800882196
0.0006974813253845029
1.2786853566807201e-16
0.00033776651872483113
-6.108201149014763e-17
1.6074354181055958e-16
2.3251048216611346e-16
2.346699082186201e-17
-8.948972477959882e-17
6.979300054951258e-18
7.511463094246873e-17
1.1047350089109039e-18
-7.160111029076358e-17
0.013726683061887722
0.01711414131768377
-9.826591661272722e-17
-8.178420560185259e-16
-4.452954371182413e-16
0.007829257311436107
4.2772842485508524e-18
-3.09933163044733e-16
-0.0008691965494360855
0.005437709100831536
-2.7859095311503534e-17
-6.678045657047824e-16
4.2879709180145575e-16
-0.0038080951165368744
1.0671434758089418e-16
0.010303294417839476
-2.17463301110794e-16
3.385879828158491e-16
1.2152469178167965e-16
0.017319834482488233
-0.01757896186786762
-3.6008643743724183e-16
-0.0041641731802869964
-2.2033244035738364e-17
-0.0021370457028989974
-0.0021286710805939876
1.411741613999124e-17
8.03330864888438e-17
9.910585470796126e-17
-0.003219242914034687
2.8871921222122747e-17
2.07423769771996e-18
9.824701445265043e-18
3.326478289928551e-18
-3.4680553931542904e-16
-2.7295036945917925e-18
-1.5225300253089598e-19
2.7435619849351066e-18
-8.096008854494476e-19
2.2817908404724168e-17
5.433408655685737e-18
-1.1983714683997266e-16
-0.025356823135488534
3.208597258398637e-16
1.1797475752512956e-16
-2.4269384902466024e-17
-5.7081626528844305e-18
5.751899787292745e-18
-3.26396997087909e-17
-2.797784077152656e-17
-0.003634220754238814
5.290075464940849e-17
1.7372867329754668e-17
-4.43101137859118e-17
-2.883612976404667e-18
-6.62179732280338e-17
-0.006482536831076051
-0.0011585256836983003
4.7156364118526824e-17
-4.855791151425127e-18
1.7509365305031564e-16
-0.00756562307429322
1.8175491232950622e-17
5.0713407408840553e-20
8.896213114964896e-17
2.2160187526631527e-17
-4.932644254439608e-17
-4.5341200742622284e-18
-1.3299866631994097e-18
9.798516001925759e-17
4.416118327319699e-19
6.25293938244797e-19
3.469776558471596e-17
6.6100541271777085e-18
5.758457765157488e-16
-1.808205549663893e-18
-1.061812855379144e-18
4.068546041519738e-17
1.3530242632178346e-19
1.1374346080152655e-17
-3.646288902326517e-18
-1.3555967478503406e-16
-0.02628697649741636
3.4002457691048796e-16
1.373443075011476e-16
-2.9962829966155155e-17
-6.769700251378753e-18
-8.6011845170375395e-19
-4.108247431840753e-18
-1.776657026852565e-18
4.544958694600096e-17
2.6099471048870273e-19
2.561933304945867e-20
-4.231697229040353e-18
-1.6286814416761044e-18
-0.00010179538755300357
4.466133762705966e-18
-1.52169295901374e-18
-1.3155149716496235e-18
-0.00014855828760874376
9.3276692778197e-05
5.7519227587702584e-18
-5.8364469059556975e-05
4.344360136134195e-19
0.0001470747267137445
4.871936641615486e-05
-5.856234532523282e-19
-2.0140681578255614e-18
-9.242008545176775e-19
0.000359715369538282
3.9422339905713335e-18
2.8140426029640666e-18
0.00018756727946994488
5.329352988335416e-05
1.1846071872664154e-18
-2.3200042078069355e-19
-1.2543281536490211e-18
0.000411910948733295
-8.709087762996495e-19
-1.132935715533122e-18
-1.2001724663391304e-18
1.4447035328549344e-18
0.00036022065236061314
-6.6693855145451524e-18
-2.767780024792364e-19
-2.2715855897438504e-18
-9.724865294243937e-20
5.764061138516988e-05
-3.39906763593953e-18
1.1647866350570884e-18
-3.271483751535017e-18
7.894344220348362e-05
-5.820705233134644e-06
-1.3582127116621551e-17
0.00014064140254379945
-0.00030041111333370396
-1.7335832373568938e-18
-7.581517400430708e-18
-7.906165971665229e-18
-0.0005259510278098794
0.00030204669934870903
4.414317121046251e-18
-0.0003230653536150174
-2.67188948599571e-19
0.00015995197847534727
6.0641762609148605e-05
-3.030342441932727e-19
-3.520568499406514e-18
-4.831726439176823e-18
0.0003711986468124774
-5.5295244902647786e-18
-0.00025517078488108096
5.172509133777279e-18
-7.09710674710106e-18
-4.080731783162747e-18
-0.0005058626710022381
0.0004390930838291962
1.2834579036997278e-17
-0.00016157955386095178
0.01597144480715225
-1.6528537044816395e-16
2.4759677385702087e-16
1.5030538252275005e-16
0.012078710197160543
-0.0008964019051555083
-1.2556564114432807e-16
0.0063503054138776245
-2.750391790307075e-16
-0.00256556857434636
0.0008975465995122388
-3.628727636988043e-18
-1.3269730345056286e-16
-1.0894205103918369e-16
-0.0004123041403412057
-1.6580556359362e-16
2.3988744555857313e-16
-0.0031027838222671897
0.005167046002047017
-4.3792284365179995e-17
1.3902658881810533e-16
4.8197107092828774e-17
0.0012221375069335317
1.9180616109302462e-16
1.3340342841717828e-16
1.8473395196235113e-17
-4.4415995763024135e-17
-0.003076150692692265
2.0978382164194493e-16
4.591207064579625e-17
-7.21047051859273e-18
4.949170282402715e-17
0.014286079180007898
-4.0443959334871e-18
1.2987793496800077e-16
2.4270336728762525e-16
0.013599265427142623
0.006228867847168996
-7.871108956905962e-17
0.009745852544358401
-0.009059488239054617
-6.550915256494179e-17
-8.214382063315022e-17
-3.167004927044513e-17
0.0001525590567880993
-0.008418726506516417
-1.2874971974951352e-17
-0.01384546594028631
-2.353146171469453e-16
-0.0015551479532331448
0.0020469772299606752
-1.176627854060223e-17
-1.6759133899692274e-16
-8.272005167789754e-17
-0.0023699637205536637
-2.281984367934797e-16
0.0018310014462546527
-5.914544760146949e-17
8.03933204490334e-17
1.429276179855554e-17
0.004027559395326281
-0.006850869125400794
-1.3146566753932194e-16
0.00020591321829621648
3.8347205953448063e-16
0.022688128255247804
0.010077171057007735
-6.108201149014777e-17
-7.691186645554012e-17
-3.014013993012722e-16
0.010303294417839438
-2.7372057710588127e-17
0.014199416372293293
-4.976148658005509e-16
2.5269067678782776e-16
1.6074354181055973e-16
0.013726683061887731
-0.0008691965494360863
-2.5278630429690823e-16
-0.0021370457028989866
0.010424393617872632
3.177533556582262e-16
6.70022383062624e-16
2.325104821661138e-16
0.01711414131768379
0.005437709100831542
3.1236122278197714e-16
-0.0021286710805939863
-5.850550277379078e-17
1.4905263051356536e-16
1.7546167297333049e-16
2.2527770477751313e-17
-9.82659166127272e-17
-2.785909531150343e-17
1.215246917816796e-16
1.411741613999124e-17
-6.56810252468733e-17
0.019345176477411602
0.01446637180088222
-8.94897247795991e-17
-8.174326253737001e-16
-6.678784544640882e-16
0.017319834482488236
7.808559622900418e-17
-3.8001836932824304e-16
-0.016090075825634494
0.0006974813253844531
6.979300054951392e-18
-4.415714436492307e-16
4.29822609475217e-16
-0.017578961867867643
1.2157121529959113e-16
0.003419435176638587
-3.295535536043644e-16
1.283368706686769e-16
7.511463094246876e-17
0.00782925731143611
-0.0038080951165368735
-3.4285178945668193e-16
-0.003219242914034713
-9.606722545332829e-18
-0.001864893909879185
0.0003377665187248131
1.1047350089114295e-18
2.612498026280588e-17
1.1564214023159383e-16
-0.004164173180286962
9.378844449671483e-18
-0.022417193371505696
2.443310696701107e-16
-2.8069536885567546e-16
-1.4196115812553426e-16
-0.015023451458054443
0.007616531672442957
1.3498868293911093e-16
-0.0021880304918978247
2.1650284681302778e-16
-0.01775841127132256
-0.013870010194633858
7.938655100047055e-17
7.818522489272627e-16
-1.6700452856887017e-16
-0.005613830641667753
-7.83522480061053e-17
-2.76690331657551e-16
-0.013870010194633879
-0.01677233815309189
6.432797543100639e-17
2.5623159123499166e-16
5.206535527266759e-16
-0.004005075055967464
-1.3575938995441726e-18
-1.4196115812553436e-16
7.938655100047056e-17
6.43279754310064e-17
-0.005939786348808986
-1.0182702849042941e-16
7.224846828852153e-17
2.0833239217032718e-17
-4.332130083380963e-18
-0.01502345145805446
7.672930572296721e-16
2.736518290637818e-16
-1.0182702849042961e-16
-0.02216720381022673
0.018061122607313622
4.758314152509987e-16
0.0031281009246535815
0.007616531672442977
-1.622012765879301e-16
4.960468379398234e-16
7.224846828852176e-17
0.01806112260731362
-0.03439269448290506
-3.3174819438525613e-16
-0.007710928463789428
1.5175980040429662e-16
-0.005613830641667759
-0.004005075055967478
2.0833239217032684e-17
4.596989316061694e-16
-3.254586457482777e-16
-0.005200368641256617
-1.156493366378628e-16
-0.002188030491897791
-6.429357422780181e-17
-2.337367724910415e-18
-4.3321300833811196e-18
0.003128100924653549
-0.007710928463789361
-1.1585608998456235e-16
-0.006670658537486522
-8.673302311255771e-18
-2.9151618496458765e-18
5.777956505078962e-17
0.012257752835390864
-1.549440557385774e-16
-5.083372992962158e-17
1.2321343991471054e-17
5.854636597060544e-18
-2.627682248090487e-18
-1.0265750163085045e-17
-4.730349742842176e-18
-3.6191439078637993e-16
1.938261889831187e-18
9.687810106171091e-20
-4.725569763559994e-18
-6.64251806282609e-19
2.2225447015175675e-18
-8.646281477014307e-18
-5.355376630215912e-18
3.0276468819319555e-16
2.4771388947665758e-17
-4.8575172037389636e-17
-5.1534529376708374e-18
-1.5296037460419362e-17
0.000565836043184114
-1.0613219598851944e-16
5.3266823876237916e-17
9.525727367866116e-17
0.004127004408308119
-0.009514366806626123
-1.2301180442125266e-16
-0.002737056816058156
-1.8704219106873413e-17
-1.2023447250349747e-18
1.0058365052563617e-16
0.019850647701348898
-3.051006134035724e-16
2.18491171561478e-17
1.781775894820796e-17
3.8728987861293907e-17
9.803070204172868e-18
2.9348374579062186e-18
-1.3945392771306767e-16
-0.027992295153990873
3.411451103924956e-16
1.953202848987563e-16
-2.4180842146587077e-17
7.987632738822654e-18
9.618779614606789e-19
-3.501052727000363e-18
-3.667510693572576e-18
-4.2881970706727744e-16
3.995179629940454e-18
-7.01496320994291e-18
-1.1501548170198524e-18
-2.2269774694331294e-18
5.318226581206142e-18
6.055303644778113e-19
-2.4791809419553717e-17
-0.005041238545973267
6.527552313950872e-17
2.186071952600867e-17
-3.973577013776334e-18
4.432870302948945e-18
-1.1013257377677992e-19
-9.966382821746967e-21
2.3082536373667263e-18
0.00045975794772815055
-5.759617085763372e-18
-2.6683567916354965e-18
4.360039911134951e-19
9.328786914895363e-20
-5.27103405640756e-21
1.4123955755506224e-19
4.2308264866825977e-20
6.170511374384362e-19
1.1670685167918641e-20
-1.9872325817708797e-20
3.795168075837272e-19
-6.4277858524752015e-21
-5.300137841060425e-19
9.016200885915992e-20
1.1852606073711103e-20
1.3126099952392822e-17
-3.8863355051599855e-19
-6.424116564373038e-19
2.3960590642685624e-19
-1.3129603360498354e-18
-0.00010786383413016515
-3.0246290218738023e-18
1.2290726264099935e-18
6.912777424831865e-18
-7.484844061546515e-05
-0.00013137520137976964
6.693865760557016e-18
-0.0002606658195685281
1.326449320689944e-18
-4.64934461268334e-20
2.356642630521778e-18
0.0004747714186617648
-4.747873841310269e-18
-1.2903838567401192e-18
3.769485447205434e-19
3.489944832597936e-18
2.3898006609789684e-19
-3.2121151725972216e-20
2.782388028848764e-18
0.0005572138434628412
-7.047772214478112e-18
-2.0539726214789676e-18
4.718938645933419e-19
1.3754148674608703e-18
-9.551796928284508e-20
2.796923027578646e-19
1.0173558355187038e-19
1.0071934308040303e-18
-7.49217035160328e-20
-1.113358796082304e-19
6.281300225640028e-19
-2.36785652507758e-19
-1.8189759778706556e-19
-1.389103653373938e-21
3.2533102687588765e-18
0.0006487580349224669
-8.34252553780579e-18
-3.3769357261383296e-18
6.16519830438339e-19
3.654017176142719e-20
1.8495460545234575e-17
1.490717959782348e-18
-4.8850858231950496e-17
-0.009680794700319266
1.2902238185238182e-16
5.641897550724779e-17
-7.54414850818763e-18
5.285939307136357e-18
3.109814112871951e-18
-2.979547750489863e-18
2.4565167859604334e-19
-2.2411405440524178e-17
1.1519943113089403e-18
1.0152074487739006e-18
-1.0805488695923608e-18
1.2363058802425548e-18
-9.533529597141234e-17
-1.4652391701830186e-18
1.7377359339465184e-18
-1.186400025426321e-16
-5.43373822831487e-17
-3.920306981747695e-17
-1.352309601932283e-19
-1.0254952112995656e-16
-0.019645899699528936
-2.935863081022151e-17
-2.5782285561240775e-16
-2.773036385924617e-16
-0.010508798798731988
-0.0076989758325997654
4.035063899008903e-17
-0.020400003877818637
2.5282170157562475e-16
1.2836195538262571e-18
-2.6931783268536665e-17
-0.005168926727844186
2.0344099255530773e-16
1.283774205828863e-16
-5.426298935958458e-18
2.605361826443125e-16
1.0329538091762719e-16
5.084636959611862e-19
-2.7196374622844984e-17
-0.00522090986652373
1.2469107860354796e-16
6.63069215820053e-17
-4.361657787866177e-18
1.0818973783319888e-16
-1.7324277354700952e-17
-3.436959264175264e-18
-6.349870696533798e-19
1.9074302928097588e-17
-1.0127539081903675e-17
-6.618104901055025e-18
-2.5208074785548428e-18
-1.7666969942874547e-17
-2.7737971687949446e-19
-1.2209204579817052e-18
-5.313554276021198e-17
-0.010280920121260835
1.2720198289494382e-16
5.527897344595615e-17
-8.271977960348933e-18
-4.815653466013888e-18
2.0742376977199204e-18
2.281790840472416e-17
5.751899787292772e-18
-6.388308940895817e-17
5.071340740879424e-20
6.252939382447673e-19
1.137434608015266e-17
-8.60118451703737e-19
9.824701445265003e-18
5.433408655685695e-18
-3.26396997087909e-17
-0.006482536831076051
8.896213114964894e-17
3.469776558471594e-17
-3.646288902326555e-18
-4.108247431840732e-18
3.3264782899285385e-18
-1.1983714683997271e-16
-2.797784077152633e-17
-0.0011585256836982995
2.216018752663156e-17
6.6100541271777055e-18
-1.3555967478503423e-16
-1.776657026852684e-18
-3.438699345868766e-16
-0.025356823135488527
-0.003634220754238788
4.715636411852647e-17
-4.432496380728396e-17
5.740442811511181e-16
-0.026286976497416428
2.407593489239271e-17
-2.7295036945918827e-18
3.2085972583986377e-16
5.2900754649408415e-17
-5.868802188284676e-18
-4.534120074262351e-18
-1.80820554966391e-18
3.400245769104884e-16
2.609947104890468e-19
-1.5225300253088313e-19
1.1797475752512969e-16
1.7372867329754524e-17
1.74183758158039e-16
-1.3299866631994789e-18
-1.0618128553791549e-18
1.3734430750114793e-16
2.5619333049591643e-20
2.7435619849351243e-18
-2.4269384902465978e-17
-4.431011378591175e-17
-0.007565623074293216
9.798516001925759e-17
4.0685460415197357e-17
-2.99628299661552e-17
-4.231697229040399e-18
-8.096008854494248e-19
-5.708162652884342e-18
-2.8836129764046604e-18
1.5073967379520033e-17
4.416118327320151e-19
1.3530242632181088e-19
-6.7697002513787684e-18
-1.6286814416761449e-18
-8.67330231125578e-18
-2.627682248090491e-18
2.2225447015175664e-18
0.0005658360431841121
-1.8704219106873336e-17
9.803070204172892e-18
9.618779614606808e-19
5.318226581206166e-18
-2.9151618496458696e-18
-1.0265750163085019e-17
-8.646281477014302e-18
-1.0737132208465712e-16
-1.2023447250349521e-18
2.9348374579061897e-18
-3.501052727000368e-18
6.055303644777934e-19
5.777956505078985e-17
-4.730349742842553e-18
-5.355376630215869e-18
5.336676060373661e-17
1.005836505256361e-16
-1.3945392771306732e-16
-3.667510693572412e-18
-2.479180941955366e-17
0.012257752835390911
-4.2942197697841545e-16
3.0776172773524235e-16
9.52572736786615e-17
0.01985064770134886
-0.0279922951539908
-3.990424580881404e-16
-0.005041238545973278
-1.5494405573857777e-16
1.9382618898320166e-18
2.4771388947665607e-17
0.0041270044083081174
-3.0510061340357223e-16
3.4114511039249496e-16
3.995179629940072e-18
6.52755231395084e-17
-5.0833729929621884e-17
9.687810106211056e-20
-4.8575172037389636e-17
-0.009514366806626125
2.1849117156148007e-17
1.953202848987558e-16
-7.014963209943079e-18
2.186071952600878e-17
1.2321343991471096e-17
-4.725569763560058e-18
-5.1534529376708135e-18
-1.2242449475777519e-16
1.781775894820794e-17
-2.4180842146587028e-17
-1.1501548170198289e-18
-3.9735770137763085e-18
5.854636597060517e-18
-6.642518062825955e-19
-1.5296037460419313e-17
-0.0027370568160581506
3.872898786129394e-17
7.987632738822565e-18
-2.2269774694331286e-18
4.4328703029490065e-18
-0.013372180140666544
-1.0896654956048375e-17
-2.0428121894043385e-16
-8.92467800158884e-17
-0.006892038527118775
-0.0034120268199547975
-2.0606179671626862e-17
-0.006082572621389133
-3.236418183210038e-17
-0.004650233452038607
-0.0017658998789893056
1.60807981497935e-17
8.660043187763233e-17
4.116677993824368e-17
-0.0035491411497314113
-5.398559342856879e-17
-1.9641662954956435e-16
-0.0017658998789893043
-0.0011912771699950741
-2.6109406979810695e-16
-1.4808746749897125e-16
-4.957358684903682e-17
3.399366785675841e-05
4.542395970140275e-17
-8.924678001588833e-17
1.608079814979348e-17
-2.61094069798107e-16
-0.05349551928171427
5.831321609191871e-16
2.1860211278460399e-16
-4.1544647950798355e-17
-2.4353303798070753e-17
-0.006892038527118771
8.612191238709508e-17
-1.4996128757022937e-16
5.831321609191874e-16
-0.006808696192880023
-0.0009916891058968423
6.136039432574872e-18
0.00019857890001653
-0.0034120268199547936
4.519921964865654e-17
-5.150215363348943e-17
2.1860211278460413e-16
-0.0009916891058968386
-0.00697452173080875
1.3183180818562541e-17
-0.002348318438967049
-9.865810025229787e-18
-0.0035491411497314074
3.399366785675628e-05
-4.1544647950798417e-17
6.729100867484004e-18
1.5396840963534268e-17
-0.004755950820854974
3.9295748167484024e-17
-0.006082572621389118
-4.624549093707971e-17
4.646339966083095e-17
-2.43533037980706e-17
0.0001985789000165395
-0.0023483184389670414
3.891016066831795e-17
-0.01276919001052985
