-5.8270029485252506e-05
-2.721846460569956e-18
-1.5676448165789914e-18
-1.57878911240342e-18
-2.9765143318099207e-05
-0.00010917005757235209
-3.165907951852032e-19
-0.0001471205472092411
-0.0029059119072127088
-1.9927422617697136e-16
-8.677099803073946e-17
-3.6224178656963303e-17
0.0016091019380801582
-0.004244029407917136
2.6432989602191728e-17
0.0009728400315112113
3.363591626921799e-16
-0.004818758713069397
-0.0027719954533213316
7.192987046573176e-18
1.635059272211851e-17
7.66799218808955e-17
0.00843605993051962
-4.2878543538036936e-17
0.008626480096204233
-6.21746092625557e-17
5.800861348799008e-17
1.2261749585699849e-17
0.0002921492988890498
0.0010496155347689447
1.8634552321818348e-17
-0.005657869542024899
1.0966375851956236e-17
-2.387519768384089e-18
-4.012736480084921e-17
-0.004605815763755078
6.597890822678126e-17
5.909653574954278e-17
-5.50952026828594e-18
-6.1388518067108806e-18
