-0.00023347668455992848
-3.2629027298526254e-18
-5.031111248618869e-18
-2.0469037430245398e-18
-0.00034748698425733935
2.8224850754833544e-05
1.1013541861032046e-18
-0.00044787032583753226
-3.014288741503086e-18
-0.00016182300061147464
-4.8817879314594726e-05
3.4914043226366253e-19
2.231840435249e-18
5.150022591257177e-18
-0.00046488234066507857
-9.935896381914627e-18
-4.950388069088281e-18
-4.881787931459487e-05
6.89922736125104e-06
-2.8264060098108874e-18
-1.8739610635255597e-18
-3.978889265785164e-18
-0.00016270444069168183
-1.3397100632723001e-17
-2.046903743024534e-18
3.49140432263663e-19
-2.8264060098108882e-18
-0.0010079835643323671
3.919924388035442e-18
3.277094750127098e-18
5.412303509060056e-19
-4.373172268807392e-18
-0.00034748698425733903
2.2752447296606908e-18
-1.9294230717549064e-18
3.919924388035444e-18
-0.0006313704285960585
0.0003839944616180599
1.780560004597147e-17
-0.00045944669543996843
2.8224850754834337e-05
4.776215657201907e-18
-3.936831722955814e-18
3.277094750127099e-18
0.0003839944616180601
-0.0007519055199028507
1.3774869885073537e-17
-0.0003237013404702775
9.402566118577088e-19
-0.0004648823406650787
-0.000162704440691682
5.412303509060073e-19
1.7950028478503537e-17
1.3666661767572161e-17
-0.0011364281694326113
-9.110452141074228e-18
-0.00044787032583753036
-1.1630679278724361e-17
-1.2603215610526014e-17
-4.373172268807378e-18
-0.000459446695439967
-0.00032370134047027586
-8.321466953432726e-18
-0.0009372540227050039
9.588748955477546e-05
-1.126995643118722e-18
-1.1834663376137117e-18
3.0188255463192064e-19
0.00017764138242868177
-0.00023949386569798123
-6.52910093967762e-18
-4.800970424964818e-05
-2.6987878927476153e-18
0.0002919956608041389
6.101787771182938e-05
-4.0943304346485083e-19
-4.775016979220161e-18
-8.54339204784054e-18
0.0004389518365012446
4.354336638772007e-18
-3.8503677556823044e-18
9.202517633292409e-05
-2.3687376321556508e-06
2.6150285775049633e-18
-5.1512448546547606e-18
-4.78139428903253e-18
0.0001495658274160052
-6.867804341992793e-18
6.844271853437739e-19
-6.012225496462668e-19
2.5650871360788468e-18
0.0009411793628807938
-5.122603744930585e-18
-4.957184498630102e-18
-4.527385250039298e-19
-2.3310477725583043e-20
0.0003542754179765251
-9.307417966076457e-18
-1.9052024689857467e-18
-4.6120583044320206e-18
0.0005081672755013155
-0.00047454314891576575
-1.7039508216225266e-17
9.646029809085164e-05
-0.0004598431269630763
-1.7057694979532396e-17
-6.807715644605297e-18
-5.9586416501552866e-18
-0.0006360787906345324
0.0003535978334139693
-1.9913886878602163e-17
-0.0003497539334751322
-6.852349636114804e-18
0.000707753703976362
0.00018098066342521008
-6.224788242948654e-19
-1.991451830665552e-17
-1.7201570617351262e-17
0.0009803437323206176
-2.1633293868617686e-18
-1.4322715583573642e-05
-1.510783699663415e-18
-4.719728367389367e-18
-2.8212406603020886e-19
4.4489314099360245e-06
-0.00020516692476542435
-2.5178593298132322e-18
-0.00027927169205782564
-2.0776951615376875e-18
-2.6524688872464326e-05
-0.00011425492788531223
3.7592479970027997e-19
5.0146985172685064e-18
5.466207987744719e-19
-0.00010450725274128148
-8.900665106810447e-18
0.00014478655520525657
3.016894579912536e-18
-2.1353380159224945e-18
5.5197801874022905e-19
2.321459173431484e-05
0.0001166412562220676
-6.444616519499952e-19
0.0003862648610370446
5.720389403799206e-05
2.7673877484981863e-19
7.9701117377886205e-19
3.109867441050601e-19
1.9950947418711314e-05
5.799419760877844e-05
-3.9007866521090685e-18
0.00014179038092123337
-1.9147606755359418e-19
4.5577348595974715e-20
-5.187998895768213e-19
2.1890672366995773e-20
2.297341074048682e-20
-1.5728762749857714e-19
-6.379087808074588e-19
-5.992845704314665e-19
-7.929714586037464e-18
-6.662339725006622e-05
-0.00023225848988650077
7.490130829662181e-19
6.8317513834419824e-18
-2.492482033320945e-18
-7.718925180594516e-05
-2.3408398147638326e-17
-2.528744282991827e-18
6.0938076736894615e-05
0.00023006647761748694
-7.089542442862254e-19
-1.8063394909599823e-18
-5.119872125094939e-18
-0.00013055714549475918
-3.629706789953325e-18
0.00028036240253035213
9.46322997478742e-18
5.505320451136161e-19
9.717146664611931e-19
3.08659277584725e-05
0.00023150650907641915
-6.9044205098239965e-19
0.0007766826621021415
-2.915129599581683e-18
-2.39538090798759e-05
-6.44671537354159e-05
2.3378958413007173e-19
8.959475916052319e-18
1.702058470342749e-18
-0.00024436700093580173
1.0050219017938707e-18
-0.00010394075577954021
-4.706130984914048e-18
-6.872507386109973e-18
-6.710548851926388e-19
5.666728742254325e-05
-0.00030101067305449717
-2.854700881332865e-18
-0.0002560259733637024
-5.966357477904536e-18
0.00015396359485175056
0.0001915686863192579
-6.839882686260256e-19
-7.633624227394296e-18
-1.0988958079471456e-17
0.00016115879327400655
-8.199656754088109e-18
-1.6501092484405244e-18
5.231645761085276e-05
5.3716620418645094e-05
8.311910037074652e-19
-6.476170430089773e-19
-9.23218540245074e-18
6.0720112900786676e-05
-2.9085741246348473e-18
-8.77272598641453e-19
-3.1965987113964634e-19
6.74847124704027e-19
0.00036204388538088334
-2.2997538141706096e-18
-3.364860881859964e-18
-1.8455349655216876e-19
-1.5726543421786496e-18
-0.00014873447896061946
-1.3020391955237878e-17
-1.5566215245590497e-17
-3.673756887869008e-18
7.846640825230236e-05
-0.0005262641906035941
-1.0429434073079926e-17
-0.0005055874402895771
9.29916277796481e-05
-3.92626129665402e-19
-1.4052002945548248e-18
-1.7507283430725247e-19
-6.883334499104398e-06
0.00030237525324449495
-2.3238613200575688e-18
0.00043825516082001277
-9.26530029840717e-18
0.00036133953132503493
0.0004125247927844128
-1.3238411534361224e-18
-1.740613610066718e-17
-1.989831311050305e-17
0.0003718450465552067
-8.778607037998371e-18
-5.805796555075879e-05
-6.136627518516e-19
-2.5114524317132597e-18
-4.0105798642833e-20
0.0001409316873933837
-0.00032252610092990377
4.970237085364938e-19
-0.00016189356242684954
9.720008373255273e-22
2.6443028909307317e-21
-2.883369345671459e-19
-0.00010383756144457838
6.46098689400241e-19
3.573862162787043e-19
-4.078564038062441e-20
-1.7415657232058615e-19
3.482654002362374e-21
6.654440485538848e-20
8.257111771370568e-20
-9.839087681830894e-19
-3.2564641419976722e-21
-5.549206421888487e-21
-4.871823436197605e-20
-1.9302286426557846e-20
1.3181568910204085e-18
4.611070890958181e-20
8.061107730036858e-20
-6.3168242672669406e-18
1.349235910934766e-18
1.5861561359383362e-18
-4.146938954773634e-20
1.8434073668346154e-18
0.000461489731394508
1.2446265357492623e-17
1.8923897344881336e-17
4.413362004966382e-18
0.00047394314566004316
0.0005567314907769875
1.1596036728395681e-17
0.0006479383926886754
-2.9856999890899175e-18
1.605046775756108e-20
-1.9381876301323655e-19
-7.482131249694804e-05
-2.5331474134938097e-18
-3.2742459131394056e-18
-3.182139401883867e-20
-4.501933630506404e-18
-1.6435256974800298e-18
-2.4788904422010964e-20
-3.9363947047503683e-19
-0.00013110021163951572
-7.84657714547237e-19
-1.5371685418569492e-18
-4.763622626337674e-20
-2.3816567324463154e-18
2.208303657831598e-19
5.329018077601668e-20
6.925716254036881e-20
-1.633726981307514e-18
2.1210934145923896e-19
2.395635037057314e-19
-1.0749522428775476e-19
2.5241098033865105e-19
5.0710317538823e-20
-3.872827134694728e-21
-7.390234893475274e-19
-0.0002606184176451609
1.6240109065263766e-18
9.583140733769304e-19
-1.0141553876949958e-19
2.084541080242222e-19
9.588748955477827e-05
-2.9536326990622e-18
-3.505546738683407e-18
6.844271853437949e-19
0.00035427541797652647
-0.0004598431269630722
-6.798322133514759e-18
-1.432271558356325e-05
-8.71900680980065e-19
0.0002919956608041392
9.202517633292398e-05
-6.012225496462572e-19
-8.28327852203015e-18
-1.657171356238603e-17
0.0007077537039763624
-2.264580885137364e-18
-3.6806518891049865e-18
6.101787771182931e-05
-2.3687376321558088e-06
2.5650871360788383e-18
-2.3791027656389742e-18
-7.180975262068565e-18
0.00018098066342520983
-1.5905819361971641e-18
3.018825546319403e-19
-4.094330434648526e-19
2.6150285775049606e-18
0.0009411793628807931
-4.612058304432021e-18
-5.9586416501552866e-18
-6.224788242948642e-19
-2.8212406603026317e-19
0.00017764138242868199
-4.722877185695517e-18
-5.526894949077945e-18
-5.1226037449305835e-18
0.0005081672755013149
-0.0006360787906345327
-2.005427663530238e-17
4.448931409933078e-06
-0.00023949386569797898
-8.821821457260138e-18
-4.830312454382381e-18
-4.957184498630102e-18
-0.00047454314891576596
0.00035359783341396857
-1.7013765432145737e-17
-0.00020516692476542977
-6.846731945355053e-18
0.0004389518365012444
0.0001495658274160051
-4.527385250039378e-19
-1.7885394917529843e-17
-2.0346941054742208e-17
0.0009803437323206172
-2.0828343496340037e-18
-4.800970424965144e-05
5.359236133275409e-18
-7.839831195944075e-18
-2.3310477725610948e-20
9.646029809084887e-05
-0.0003497539334751386
-2.54710975282605e-18
-0.00027927169205784266
-0.016179584521533355
-3.2609879344015327e-16
-2.1619093185905608e-16
-7.908537384412226e-17
-0.012437445467806943
-0.000970538435689991
-1.3276393830984785e-16
-0.01016252230350862
-3.533923234368014e-16
-0.007922926581627413
-0.003337314787579307
1.441347307417474e-17
-7.104501201258854e-17
6.99007766546784e-17
-0.007130131125192465
-2.253247651233083e-16
-2.1646534765721817e-16
-0.0033373147875793434
-0.007315578293587406
-9.108131034238844e-19
-1.5488612260908556e-16
6.1178518619136425e-18
-0.003138980033671421
-1.8518552103855809e-16
-7.908537384412255e-17
1.4413473074174844e-17
-9.108131034238156e-19
-0.008812320065037176
-4.008080179040006e-17
5.205565960667191e-18
1.0028353395324144e-17
-4.963706890692013e-17
-0.01243744546780696
-8.025263877916329e-17
-1.4044715595229017e-16
-4.008080179040018e-17
-0.015204381100672062
-0.0006294295523348127
-6.474975487403054e-17
-0.006663309263868156
-0.0009705384356900233
6.790342596226704e-17
-1.3477257033875312e-18
5.2055659606672226e-18
-0.0006294295523348131
-0.006150197622749237
4.7908449005967917e-17
-0.0016662217131965164
-1.1947923297026125e-16
-0.007130131125192464
-0.0031389800336714384
1.002835339532433e-17
-5.432861374716752e-17
5.830472941567615e-17
-0.00912854248093274
-2.1698859716877612e-16
-0.010162522303508557
-2.259931719668679e-16
-1.9403284522444293e-16
-4.9637068906920614e-17
-0.006663309263868197
-0.0016662217131965587
-1.9846662721783e-16
-0.012649146989167224
5.301823648327322e-16
-0.01729147986744839
-0.002504940926624819
1.0984061686624241e-17
5.11905956633081e-16
1.3133952002228837e-16
-0.01544987330864864
1.659423090807337e-16
-0.010293045729616148
-6.625251194124957e-16
-2.4450483134686117e-16
-4.696336279819237e-17
-0.005959947290582323
-0.003029906451217356
-5.80435862340672e-16
-0.005739052271503709
-0.005817658451210092
-4.858302844505327e-16
-7.86091645936873e-16
-9.70137430596186e-17
-0.01243539229515273
-0.005153195250376845
-5.873522771776355e-16
2.0417253086276912e-05
2.016456054702315e-17
-8.835180488268829e-17
-8.500468287191516e-17
3.361066215799067e-18
3.9847206821009756e-17
1.6871477270427982e-17
-1.002150183201235e-16
1.0855031337338771e-18
5.657117296133575e-16
-0.011075999153207216
-0.010338306513670691
3.4626355758208265e-17
9.795860199028357e-16
4.853540094309255e-16
-0.011587499467383328
1.6642059703010057e-16
2.374107259353561e-16
-0.005540329926701621
-0.005172559922004202
1.7740294859114593e-17
5.932958281291828e-16
2.5065487625342316e-16
-0.007629092170065275
1.0268159663811196e-17
-0.009781382611349605
-4.865344209798002e-16
-4.96071917747686e-16
-6.336704407320304e-17
-0.007173385145226843
-0.005188294665049114
-4.251660083986576e-16
-0.007107915825012322
2.6768713191158583e-16
-0.011647023198076532
-0.0013984956046269915
6.733803896005609e-18
4.0001999977881266e-16
5.1230217018825016e-17
-0.014322611998380067
4.7066118030560065e-17
0.015593747147268983
5.702803076200756e-16
2.7336648973072074e-16
6.05534385959259e-17
0.01419059457166319
-0.00912583300268971
3.1518800489289203e-16
0.0018630890064511177
4.2516182511341247e-16
-0.002293228154800906
-0.0028731781323972157
1.0397579963304046e-17
5.273925834455427e-16
-2.0103907936105228e-16
-0.0015726549000352535
1.0845198605274818e-16
3.1497362709973174e-16
0.000916246643628107
0.005085533300826963
-2.4841782061076606e-17
3.682247621506854e-16
-1.4677463869906157e-16
0.0020575566347096285
-2.3764530908816833e-17
7.44374829805972e-17
-1.4793351156222909e-18
-2.3830867964580733e-17
-0.0030728939322064537
1.2972139333229237e-16
-1.6355374298329638e-17
-6.438955050524942e-18
2.6529277372715285e-18
0.012057427898319406
3.538394829049913e-16
2.8066528884390634e-16
1.0874029392231488e-16
0.013587441208078366
0.0001576816121964623
3.4483685688863755e-16
0.004033365380583509
-0.0009117245718704033
-2.938413057896016e-17
-4.6319221438912926e-17
2.200954492230441e-17
0.006224554874031711
-0.008406697316371848
9.994169812367411e-17
-0.0068518752006925775
3.2125329633179087e-16
-0.0004341934273510058
0.0012099143756513144
-4.001646104690688e-18
3.8931761786230983e-16
-4.373413114823577e-17
-0.0023696754042402584
6.35433880197553e-17
0.006413278537177066
1.2941124012538236e-16
-1.4033441565443428e-17
1.597762792177197e-17
0.00976470224316277
-0.013826388765370965
2.129279651207074e-16
0.00019971616955579143
8.191293050919308e-18
2.4972728710663795e-18
-5.5088860701809396e-17
-0.01945578139148636
1.3040569221275621e-16
6.949969158873225e-17
-7.878594830352697e-18
-3.855572074517316e-18
2.2808518885211434e-18
5.035677808231338e-19
-1.2432941340297943e-18
-4.898638133339606e-16
8.769792487974795e-19
1.8745351750185338e-19
1.3867732620824432e-19
-8.530283539210297e-20
-2.6556889851991168e-17
8.135192129112543e-19
9.27147537285643e-19
-2.9597106562241225e-16
-1.3117772616994602e-17
-1.4619203780952464e-17
5.892845047257288e-19
-3.061119430796758e-17
-0.009636225334419645
-2.4785569632894386e-16
-1.756223240500988e-16
-1.4311390937240446e-16
-0.005138828788583081
-0.005210688476847249
-1.2628370495848432e-16
-0.010282016154165173
6.67082667579772e-17
1.819422229546524e-18
-2.918077575229607e-17
-0.01054225779052438
1.0472750772277041e-16
7.233631718630779e-17
-4.073531662476667e-18
6.36483684687066e-17
3.527950956674447e-17
6.115416705001847e-19
-2.153795482766954e-17
-0.00768082379041465
7.008899662370876e-17
4.5477782353562555e-17
-2.754058708891518e-18
3.370258639600958e-17
-2.5054210172056075e-18
7.963435587597956e-19
1.6939315567006644e-19
-2.8916124290723674e-16
-1.9215826546860955e-18
-1.8395857122791385e-18
-3.146591400758697e-19
-3.922140532299674e-18
4.413734327573236e-19
6.979051327912365e-19
-5.879258874593377e-17
-0.02046869686698769
1.3240324201421443e-16
7.026068328937392e-17
-8.289499639948023e-18
-7.704173821371803e-18
-4.065888177375066e-18
0.0001447865552052572
5.720389403799189e-05
-1.9147606755358949e-19
-7.563205854424174e-18
-2.5260125346646204e-18
0.00028036240253035164
1.0226353600746224e-18
-2.6524688872464486e-05
3.7356724085946804e-18
4.3483585013475745e-20
4.557734859596897e-20
-6.66233972500669e-05
6.0938076736894e-05
7.975197839635204e-18
-2.395380907987783e-05
-0.00011425492788531369
-1.3582594291849565e-18
6.693198370838455e-19
-5.187998895768382e-19
-0.0002322584898865026
0.00023006647761748478
6.894311654234135e-19
-6.446715373541927e-05
3.7592479970029263e-19
5.519780187402243e-19
3.109867441050598e-19
3.108202482765386e-20
7.490130829662215e-19
-7.089542442862205e-19
9.717146664611928e-19
2.337895841300615e-19
6.3290903358795514e-18
2.321459173431453e-05
1.995094741871138e-05
2.2973410740484675e-20
6.632607311469984e-18
-1.7886065875865697e-18
3.086592775847268e-05
6.522060226403425e-18
7.972303391936977e-19
0.00011664125622206724
5.799419760877844e-05
-1.5728762749857935e-19
-2.6482083888548714e-18
-5.4193364229792905e-18
0.00023150650907641902
8.306130924877016e-19
-0.00010450725274127514
-7.37121979766636e-19
-4.374699828294044e-18
-6.379087808074519e-19
-7.718925180594519e-05
-0.0001305571454947572
1.77733659357712e-19
-0.0002443670009357976
-7.932366018386601e-18
0.00038626486103704346
0.00014179038092123358
-5.992845704314725e-19
-2.3919002294735305e-17
-3.929910511356406e-18
0.0007766826621021408
-2.3645579261998623e-18
6.410947386149495e-16
-0.01029304572961612
-0.00581765845121011
2.0164560547023154e-17
5.556004354569773e-16
2.4742563279429946e-16
-0.009781382611349644
1.8925618357643055e-16
-0.017291479867448323
-6.78643597135976e-16
-4.954543414484541e-16
-8.83518048826885e-17
-0.011075999153207257
-0.005540329926701619
-5.044315693650602e-16
-0.011647023198076508
-0.00250494092662486
-3.640794904505178e-16
-7.73440846710256e-16
-8.500468287191538e-17
-0.010338306513670703
-0.00517255992200421
-4.496430295125912e-16
-0.0013984956046269783
1.0984061686624344e-17
-4.696336279819206e-17
-9.701374305961875e-17
2.4744733734329266e-18
3.462635575820833e-17
1.7740294859114603e-17
-6.33670440732032e-17
6.733803896005521e-18
5.099768278461287e-16
-0.005959947290582306
-0.01243539229515274
3.9847206821009873e-17
9.880694034957062e-16
5.877452271519269e-16
-0.007173385145226851
3.7785181871540715e-16
1.4820471445374882e-16
-0.003029906451217347
-0.00515319525037685
1.6871477270428056e-17
4.886464859310912e-16
2.5348516608682307e-16
-0.005188294665049121
3.902308633913264e-17
-0.015449873308648625
-4.0278202599937306e-16
-6.369478230057699e-16
-1.0021501832012344e-16
-0.011587499467383319
-0.007629092170065329
-5.122640650423853e-16
-0.01432261199838012
1.127145739614192e-16
-0.005739052271503691
2.0417253086296543e-05
1.0855031337338586e-18
1.7277043197091596e-16
8.849154989469867e-18
-0.007107915825012312
9.299918998233481e-17
-0.020210838781754076
6.363294444089989e-16
-1.4383942803690057e-16
-1.1168102964019022e-16
-0.014545027874038717
-0.00567695501804856
2.3680334174701024e-16
-0.0034381630480747965
5.829795913161861e-16
-0.042508109526394715
-0.017788982686926854
6.139964712147002e-17
8.382098067837722e-16
3.064251055475589e-16
-0.025862453494692152
-1.9071895641279727e-17
-1.3002265540930754e-16
-0.017788982686926913
-0.027622951120325742
7.928913605904396e-17
2.7483191961880966e-16
2.6811621127128425e-16
-0.01040778965929395
-8.834223549592524e-17
-1.116810296401902e-16
6.139964712147016e-17
7.928913605904389e-17
-0.0032560985939336967
-1.592521416636952e-16
-6.801205518799345e-17
3.5677512380571653e-17
-3.722754474649488e-19
-0.014545027874038712
8.383701480810714e-16
2.7244216657949206e-16
-1.5925214166369509e-16
-0.023334017047642572
-0.00878273397697579
5.846398669065225e-16
0.0005782110851505956
-0.005676955018048555
2.955979005443753e-16
2.6821510112269367e-16
-6.801205518799347e-17
-0.0087827339769758
-0.006666059051313753
1.3561851408322574e-16
-0.0011640729828031667
2.909190299774337e-16
-0.02586245349469216
-0.010407789659293986
3.567751238057144e-17
5.668335083955694e-16
1.2330774057999607e-16
-0.027589293380949446
-9.31016501721174e-18
-0.0034381630480747995
-5.549350120812536e-17
-6.863822267807355e-17
-3.7227544746522687e-19
0.0005782110851505669
-0.0011640729828031864
8.053657990904763e-18
-0.005256300239095862
-5.913306408176087e-16
0.013886100603139367
0.010477965876551558
-3.3873501159695796e-17
-6.362745468594519e-16
2.1012992896035998e-16
0.0034656860394808417
5.29814822117122e-17
0.02253617495077921
9.167639417617593e-16
3.9596545402030677e-16
6.88341419607025e-17
0.019204353885973087
-0.01629390709111803
4.3282802834616705e-16
-0.0018238962179626384
0.010175663132402282
6.239475161056152e-16
9.987910960218163e-16
9.562971292338956e-17
0.0144271413897847
0.0006740875155167956
4.498340669280591e-16
0.0003438541147887724
-3.3928988731059586e-17
8.636647092962443e-17
1.2925312212923575e-16
-7.615961642648665e-18
-4.80573683868355e-17
4.929961924506253e-19
3.8825341287981096e-17
-1.1044022961229517e-19
-6.519609632504268e-16
0.01375864920318893
0.01705793951030999
-5.5367975409385463e-17
-1.3084707950451968e-15
1.4769034106775681e-16
0.007874490108151763
1.3777169692899433e-16
-1.208953256285503e-16
-0.0008844818484212828
0.005409325116172986
-1.697993848769983e-17
-3.0728799714842903e-16
-6.874295768511789e-17
-0.0037933917878206075
2.6171531272493007e-17
0.010438548044960149
5.615112943421586e-16
4.812576623039487e-16
5.393132524825951e-17
0.017393865242142856
-0.01752259744409097
4.673695001885281e-16
-0.004168866999178898
1.8693819877386454e-17
-0.002133483660022307
-0.002132138642227009
7.567375466914311e-18
1.5876823380746347e-16
1.1112803639487547e-16
-0.0032181432409196706
1.430543067529997e-17
5.889933273192489e-18
1.1341038169975665e-17
3.150513762944238e-18
5.589988526905141e-16
-2.01143288580746e-19
6.308063441003563e-20
1.857557735856244e-18
-1.0580216194178399e-18
1.2659557091603163e-17
5.9017098848049775e-18
-6.869654185875533e-17
-0.024868189705041822
1.6628721040700543e-16
8.782831903818649e-17
-1.1512992520471343e-17
-6.071127358899243e-18
5.7180750592157925e-18
-1.5443078119015583e-17
-1.125119443359865e-17
-0.003680503524788333
2.6908782245637406e-17
1.3574366395170733e-17
-2.368661734849569e-17
-5.643813613434659e-19
1.4391178704716305e-16
-0.006504345083166512
-0.0011980602547715716
2.0478645614529294e-17
2.259287218765234e-16
4.174573448200747e-17
-0.007572478298015363
2.3567188866000503e-17
2.96077021357401e-18
4.8875835554341306e-17
1.2523097392629145e-17
7.941840934601295e-16
8.155787845904896e-19
6.737665466695777e-19
5.008388671484266e-17
-5.564277449996565e-19
1.3838737298332011e-18
2.4948526727463894e-17
5.8525908744404915e-18
1.393879824200996e-16
6.157648588141634e-19
-6.4652518580259235e-19
2.6997131533288135e-17
-4.409333231293622e-19
4.9153890654760884e-18
-1.5612755222076499e-18
-7.632969489468863e-17
-0.02640653678227966
1.7372487043287586e-16
9.312342593907354e-17
-1.4407596355451096e-17
-7.567347964535383e-18
-1.270223082223244e-18
-1.5980477164258931e-18
-6.949714334684467e-19
5.807966136256626e-17
-7.947481640076545e-19
-6.861816149465169e-19
-1.8034394145974488e-18
-1.4706453130721328e-18
-0.0001039407557795411
-5.847090562405303e-18
-1.691408714868905e-18
-8.772725986414553e-19
-0.00014873447896062044
9.299162777964865e-05
-9.465470463306464e-18
-5.8057965550751274e-05
-4.966821838341957e-18
0.0001539635948517499
5.231645761085267e-05
-3.1965987113964865e-19
-1.3118779720205956e-17
-1.1803100082095862e-18
0.000361339531325035
-2.0591395103158563e-18
-5.89404517086473e-18
0.0001915686863192583
5.371662041864518e-05
6.748471247040222e-19
-1.632695297953587e-17
-1.4987434015917812e-18
0.0004125247927844126
-3.74574336996746e-18
-6.710548851926483e-19
-6.839882686260281e-19
8.311910037074667e-19
0.0003620438853808834
-3.67375688786901e-18
-1.750728343072617e-19
-1.3238411534361199e-18
-4.010579864283021e-20
5.666728742254056e-05
-7.399134069048439e-18
-8.001542372317072e-19
-2.2997538141706296e-18
7.846640825230101e-05
-6.883334499106968e-06
-1.730661546623889e-17
0.00014093168739338257
-0.0003010106730544966
-1.2647479921216562e-17
-8.384070619333876e-18
-3.3648608818599465e-18
-0.0005262641906035926
0.0003023752532444966
-1.927182563663053e-17
-0.00032252610092989786
-2.8511237151040605e-18
0.0001611587932740068
6.072011290078663e-05
-1.8455349655216619e-19
-1.03521628963681e-17
-1.782027994961691e-18
0.00037184504655520613
1.9369440536041337e-18
-0.00025602597336370415
-7.68554239455956e-18
-3.3069577950692155e-18
-1.5726543421786553e-18
-0.0005055874402895769
0.0004382551608200113
-9.011646757412403e-18
-0.00016189356242685596
0.01559374714726899
4.833409499125404e-16
3.1430035080955187e-16
7.443748298059725e-17
0.012057427898319421
-0.0009117245718704199
3.0075121965092183e-16
0.006413278537177011
5.468806867422514e-16
-0.002293228154800888
0.0009162466436280838
-1.4793351156219047e-18
3.89639795832857e-16
-5.104847843130155e-19
-0.0004341934273510165
1.88209887221556e-16
2.703635261817188e-16
-0.0028731781323972226
0.005085533300826958
-2.3830867964580757e-17
2.803148132136853e-16
-4.709850956074091e-17
0.0012099143756513124
-2.2415100786315988e-17
6.055343859592557e-17
1.0397579963304169e-17
-2.4841782061076674e-17
-0.003072893932206458
1.0874029392231502e-16
2.2009544922304548e-17
-4.001646104690719e-18
1.5977627921772077e-17
0.01419059457166314
5.444169323345561e-16
3.7380506457940323e-16
1.2972139333229244e-16
0.013587441208078367
0.006224554874031717
3.7718706897955335e-16
0.009764702243162839
-0.009125833002689696
-1.9528205152751958e-16
-1.6753346331241802e-16
-1.6355374298329462e-17
0.00015768161219647113
-0.008406697316371838
-3.371274518707043e-17
-0.013826388765371077
3.189087656350956e-16
-0.0015726549000352598
0.0020575566347096346
-6.438955050525113e-18
3.279756845145685e-16
8.421905824382581e-17
-0.0023696754042402566
1.845099385576861e-16
0.0018630890064511157
5.747290383724767e-17
-1.1026151342197897e-17
2.6529277372714426e-18
0.004033365380583517
-0.006851875200692573
7.83529637026105e-17
0.00019971616955580831
-6.186084392252037e-16
0.022536174950779198
0.010175663132402292
-3.392898873105964e-17
-6.51241748057512e-16
-1.2645411734422597e-16
0.010438548044960172
3.777495017524575e-17
0.01388610060313935
8.863034438531781e-16
6.203632831894852e-16
8.636647092962439e-17
0.01375864920318892
-0.0008844818484212862
5.788157943437569e-16
-0.002133483660022308
0.010477965876551577
4.102058714349795e-16
1.0055859532614474e-15
1.2925312212923556e-16
0.017057939510309966
0.005409325116172971
4.905406572110932e-16
-0.002132138642227004
-3.3873501159695876e-17
6.883414196070279e-17
9.562971292338956e-17
-7.523987585735522e-18
-5.536797540938526e-17
-1.6979938487699742e-17
5.3931325248259406e-17
7.567375466914159e-18
-6.141738479413217e-16
0.019204353885973125
0.014427141389784716
-4.805736838683545e-17
-1.2962526754994638e-15
-2.993943879762664e-16
0.017393865242142856
1.4465169476267384e-16
2.007568053592569e-16
-0.016293907091118037
0.0006740875155167628
4.92996192450855e-19
1.5690810996378235e-16
-6.410110911887874e-17
-0.017522597444090997
9.155163970970354e-17
0.003465686039480864
4.470958502776675e-16
4.514007571572361e-16
3.8825341287981084e-17
0.007874490108151765
-0.0037933917878206097
4.533468428784081e-16
-0.0032181432409196754
6.518508102121053e-17
-0.0018238962179626674
0.0003438541147887776
-1.1044022961233362e-19
1.3525776049011259e-16
3.0065703118787275e-17
-0.004168866999178905
1.3347765732269767e-17
-0.022653239430686468
-4.0329967390077264e-16
-1.158213499341538e-16
-6.865519843442599e-17
-0.015051168390414526
0.007758684562552449
-2.1918245700354424e-16
-0.00218492283178834
-4.2438301748300745e-16
-0.017268950928932846
-0.01361831450335937
4.567790424501495e-17
-7.72434922298174e-17
5.212952503200945e-16
-0.005754851886006276
-8.806413257419937e-17
-1.2352146606245095e-16
-0.013618314503359385
-0.016597163395388925
3.6740167484877315e-17
1.2050505293078246e-16
5.1453457602033257e-17
-0.004108510251480933
-9.885616853348814e-17
-6.865519843442604e-17
4.5677904245014993e-17
3.674016748487735e-17
-0.0059337844039957935
-4.286340173121953e-17
2.0825942633501326e-17
1.2243966358267194e-17
-7.03406641608498e-18
-0.015051168390414532
-7.807557549507911e-17
1.2199804413933852e-16
-4.286340173121975e-17
-0.022250553870339237
0.018068918664837803
-2.247698095576467e-16
0.0031265578356457946
0.007758684562552423
5.256405920542315e-16
3.546920012268515e-17
2.0825942633501647e-17
0.018068918664837858
-0.034339655459596725
3.323367957372271e-16
-0.0077116462513623415
-2.0955589926573423e-16
-0.0057548518860062806
-0.004108510251480941
1.2243966358267209e-17
-2.245223786829142e-16
3.3684509819851566e-16
-0.00522921652903688
4.3657089660714324e-17
-0.002184922831788302
-8.754550879810064e-17
-1.0159281116146455e-16
-7.034066416085022e-18
0.0031265578356458284
-0.0077116462513624065
4.464960451276479e-17
-0.006668295602631473
-7.15778333445961e-18
-4.54900784172826e-18
3.244040788544133e-17
0.011950620021788332
-7.935343156604239e-17
-3.9683456736096544e-17
5.483770557105967e-18
4.2635370975284585e-18
-6.201995502600515e-18
-7.453609211223677e-18
-3.3132439634577068e-18
3.7288714338466777e-16
-1.3537750647929802e-18
-8.980244601561208e-20
7.648081720124477e-19
2.3326551527725317e-19
-2.080958649141345e-18
-5.918280832167261e-18
-4.296870534835989e-18
-8.410658934926303e-17
1.0699321918872119e-17
-2.864771417103005e-17
-2.500411307080297e-19
-8.103150980928963e-18
0.0006567991616191487
3.925349659947877e-17
-7.784486259053927e-17
2.669562511131757e-17
0.004119326567964867
-0.009512815067817076
6.099184120196463e-17
-0.0027535814133634482
-7.936480470608166e-18
-2.4837000663686992e-18
5.5228442289728635e-17
0.019631780830688193
-1.551643697830247e-16
-6.5430124000950194e-18
7.738038781102783e-18
2.3188476952602614e-17
1.8548691790942256e-18
4.058496988342872e-19
-8.053720968625917e-17
-0.028109535706700512
1.7047448143464793e-16
1.3232870773093379e-16
-1.1841372005536253e-17
2.128369208280642e-18
-4.675323108983617e-19
-3.488220877220137e-19
-9.613597587831104e-19
3.225992713865896e-16
1.0077011753940977e-18
-3.712128986108113e-18
1.0546350528446436e-18
-8.39761488965057e-19
1.3431804891344078e-18
-2.7454547869993654e-20
-1.4201983375085182e-17
-0.004969255828107343
3.377818482128667e-17
1.594874309031127e-17
-1.8014396965128353e-18
9.001377349418147e-19
9.720008373261166e-22
3.482654002363868e-21
1.318156891020408e-18
0.000461489731394508
-2.985699989089918e-18
-1.6435256974800292e-18
2.20830365783159e-19
5.071031753882808e-20
2.6443028909312406e-21
6.654440485538876e-20
4.6110708909582234e-20
1.2422252080058078e-17
1.6050467757560142e-20
-2.4788904422011454e-20
5.329018077601669e-20
-3.872827134696284e-21
-2.883369345671468e-19
8.257111771370736e-20
8.061107730036927e-20
1.8957642430237933e-17
-1.9381876301323684e-19
-3.936394704750324e-19
6.925716254036736e-20
-7.390234893475131e-19
-0.00010383756144457955
2.571334609192526e-19
-6.306306532199863e-18
4.413362004966383e-18
-7.482131249694746e-05
-0.00013110021163951395
-2.4268911137891584e-18
-0.0002606184176451533
6.460986894002487e-19
-3.2564641420049595e-21
1.3492359109347618e-18
0.0004739431456600431
-2.533147413493815e-18
-7.846577145472553e-19
2.1210934145924298e-19
1.624010906526295e-18
3.5738621627871517e-19
-5.549206421890538e-21
1.5861561359383333e-18
0.0005567314907769872
-3.2742459131394056e-18
-1.537168541856953e-18
2.3956350370573266e-19
9.583140733769e-19
-4.0785640380624725e-20
-4.871823436197627e-20
-4.1469389547736615e-20
1.1462625142979111e-17
-3.1821394018837597e-20
-4.76362262633754e-20
-1.0749522428775465e-19
-1.014155387694972e-19
-1.7415657232058998e-19
-1.9302286426559983e-20
1.8434073668346096e-18
0.0006479383926886746
-4.501933630506392e-18
-2.3816567324463085e-18
2.5241098033865105e-19
2.0845410802422585e-19
8.191293050919311e-18
2.2808518885211773e-18
-2.655688985199118e-17
-0.00963622533441965
6.670826675797723e-17
3.527950956674451e-17
-2.505421017205622e-18
4.413734327574291e-19
2.4972728710662674e-18
5.035677808231317e-19
8.135192129112258e-19
-2.498402601434229e-16
1.8194222295465836e-18
6.115416705002086e-19
7.963435587597944e-19
6.979051327913594e-19
-5.5088860701809594e-17
-1.2432941340297502e-18
9.271475372855804e-19
-1.7366486805272464e-16
-2.918077575229615e-17
-2.1537954827669628e-17
1.6939315567005048e-19
-5.879258874593375e-17
-0.01945578139148642
-4.68668300249324e-16
-3.2253421317975574e-16
-1.4311390937240429e-16
-0.010542257790524374
-0.007680823790414663
-2.94784639056911e-16
-0.020468696866987674
1.304056922127567e-16
8.769792487975067e-19
-1.3117772616994465e-17
-0.005138828788583081
1.0472750772277048e-16
7.008899662370888e-17
-1.9215826546861186e-18
1.324032420142141e-16
6.94996915887324e-17
1.8745351750182745e-19
-1.4619203780952436e-17
-0.005210688476847246
7.233631718630791e-17
4.5477782353562666e-17
-1.8395857122791473e-18
7.026068328937399e-17
-7.878594830352663e-18
1.3867732620824947e-19
5.89284504725736e-19
-1.2329882315940914e-16
-4.073531662476714e-18
-2.754058708891543e-18
-3.1465914007587672e-19
-8.289499639948105e-18
-3.855572074517338e-18
-8.53028353921144e-20
-3.061119430796757e-17
-0.01028201615416516
6.364836846870654e-17
3.370258639600957e-17
-3.922140532299656e-18
-7.704173821371839e-18
5.889933273192445e-18
1.2659557091603106e-17
5.718075059215813e-18
1.4432266052756132e-16
2.960770213573996e-18
1.383873729833193e-18
4.915389065476101e-18
-1.2702230822232194e-18
1.1341038169975656e-17
5.901709884804958e-18
-1.544307811901559e-17
-0.006504345083166511
4.887583555434129e-17
2.4948526727463888e-17
-1.5612755222076283e-18
-1.5980477164259064e-18
3.1505137629442743e-18
-6.869654185875545e-17
-1.1251194433598725e-17
-0.001198060254771572
1.2523097392629177e-17
5.8525908744404985e-18
-7.632969489468857e-17
-6.949714334684392e-19
5.697053820570547e-16
-0.024868189705041833
-0.0036805035247883394
2.04786456145292e-17
7.929694341558974e-16
1.3576613932218136e-16
-0.026406536782279652
6.327109453820469e-17
-2.0114328858069506e-19
1.6628721040700558e-16
2.690878224563756e-17
2.260483605133069e-16
8.155787845904664e-19
6.157648588141933e-19
1.7372487043287586e-16
-7.9474816400774e-19
6.308063440995825e-20
8.782831903818665e-17
1.3574366395170837e-17
4.1966491107729766e-17
6.737665466695633e-19
-6.465251858025966e-19
9.312342593907345e-17
-6.861816149465096e-19
1.857557735856261e-18
-1.1512992520471367e-17
-2.3686617348495718e-17
-0.007572478298015368
5.008388671484271e-17
2.699713153328816e-17
-1.4407596355451103e-17
-1.803439414597453e-18
-1.0580216194178068e-18
-6.071127358899198e-18
-5.643813613435039e-19
2.3040436685078106e-17
-5.56427744999641e-19
-4.409333231293555e-19
-7.567347964535377e-18
-1.4706453130721692e-18
-7.157783334459524e-18
-6.201995502600497e-18
-2.0809586491413303e-18
0.0006567991616191485
-7.936480470608222e-18
1.8548691790943072e-18
-4.675323108983688e-19
1.343180489134376e-18
-4.5490078417282375e-18
-7.45360921122368e-18
-5.918280832167257e-18
3.6893732579980407e-17
-2.4837000663687066e-18
4.058496988342942e-19
-3.48822087722012e-19
-2.7454547870025883e-20
3.2440407885441436e-17
-3.313243963457689e-18
-4.2968705348360124e-18
-7.635944952681274e-17
5.522844228972866e-17
-8.053720968625907e-17
-9.61359758783118e-19
-1.420198337508518e-17
0.01195062002178837
3.807863789296696e-16
-8.922140294180354e-17
2.6695625111317638e-17
0.019631780830688162
-0.028109535706700436
3.2069614098427913e-16
-0.0049692558281073515
-7.935343156604271e-17
-1.3537750647930147e-18
1.069932191887213e-17
0.00411932656796487
-1.5516436978302452e-16
1.7047448143464746e-16
1.0077011753941e-18
3.377818482128678e-17
-3.968345673609666e-17
-8.980244601562676e-20
-2.8647714171030035e-17
-0.009512815067817076
-6.543012400094764e-18
1.323287077309335e-16
-3.712128986108109e-18
1.594874309031138e-17
5.483770557105977e-18
7.648081720124572e-19
-2.5004113070802636e-19
6.192529702324398e-17
7.738038781102774e-18
-1.1841372005536233e-17
1.0546350528446377e-18
-1.801439696512834e-18
4.2635370975283945e-18
2.3326551527724923e-19
-8.103150980928947e-18
-0.002753581413363433
2.3188476952602608e-17
2.1283692082804784e-18
-8.397614889650465e-19
9.001377349418889e-19
-0.013019901540354404
-2.0450982077024717e-16
-1.6201056712441814e-16
-4.410774095676781e-17
-0.006771365405086583
-0.003377960012108298
-5.987886765130504e-17
-0.006076471034375685
-1.9400430049104946e-16
-0.004847332217825607
-0.0018468405900758686
1.0062508626402421e-17
-4.3303054784723243e-17
-2.942265130195243e-17
-0.003558238325865987
-1.4170758305712427e-16
-1.6688492216362736e-16
-0.0018468405900758666
-0.0013071667594685811
-1.4978506626917427e-16
-1.5131046610040123e-16
-1.3019671245407183e-16
3.946232972740043e-05
3.110319328427633e-17
-4.410774095676764e-17
1.0062508626402438e-17
-1.4978506626917422e-16
-0.05338250215206759
3.049363405272761e-16
1.5588449190030647e-16
-1.9272500491357758e-17
-1.9590799261897662e-17
-0.006771365405086567
-4.2571591480349015e-17
-1.505668634147627e-16
3.0493634052727626e-16
-0.0067822109220004425
-0.0009887939474090895
-5.414045910761222e-18
0.00021576898116624902
-0.0033779600121082907
-3.016908054331428e-17
-1.2835926795829073e-16
1.5588449190030642e-16
-0.0009887939474090934
-0.006969620537724185
-1.748017826780888e-17
-0.0023345324383895346
-6.041292770162227e-17
-0.003558238325865989
3.946232972740194e-05
-1.9272500491357755e-17
-6.055169704119309e-18
-1.878231810438981e-17
-0.004750140151126866
-1.1809841460536271e-17
-0.006076471034375673
-1.340262509566736e-16
2.8735802172640865e-17
-1.959079926189752e-17
0.00021576898116626472
-0.0023345324383895207
-1.0503408286841219e-17
-0.012792178662596779
