-5.4241329295612836e-05
4.05402727876275e-18
-5.023755759712396e-19
-1.5164069646484413e-18
-2.7206135556735423e-05
-0.00010692449333117049
4.487152281415733e-19
-0.00014103201950725326
-0.003300540080119624
1.702769190233944e-16
-3.3690905696823655e-17
-2.5155494989302025e-17
0.0013843810652830566
-0.004247823684603777
9.459869797143976e-17
0.0011363526962857833
-2.2470983166735144e-16
-0.007031273428693705
-0.0033484696724026953
1.0925237421159413e-17
1.3401007366866748e-17
1.7850733164434338e-16
0.00774385968896744
-1.4319522195061738e-16
0.009681350127730848
-2.243707973933584e-17
-5.95732282955976e-17
2.5877681983225922e-17
0.000999744032711755
0.000698330129057001
-8.818703234248533e-17
-0.005214289193301316
3.1518742408296414e-17
-7.544473238488143e-18
-1.5471216529757325e-17
-0.005086293099315205
3.474412053747047e-17
1.7751806023856742e-17
-8.270228197812967e-18
7.761120376022835e-20
