-0.00023191123090231987
4.830523166216421e-18
-7.8957183088575e-19
-3.807947937108242e-18
-0.0003482730778968402
2.872984280944692e-05
-2.1809829600577195e-17
-0.0004498766715708662
4.6442905967047004e-18
-0.000159281943998526
-4.771159807871559e-05
5.353560818355797e-19
8.985657793096471e-18
-4.016857687744417e-18
-0.00046667577928153183
2.817566179069476e-17
-1.076712321990191e-18
-4.771159807871559e-05
8.765692761885197e-06
-4.537718800670895e-18
3.6092867422788926e-18
-1.0815501759494859e-17
-0.00016390667666692026
-5.687016340346837e-20
-3.807947937108235e-18
5.353560818355846e-19
-4.537718800670898e-18
-0.0010104728555849019
7.729705624171072e-18
6.943063362928817e-18
7.132309022809499e-19
-8.186822911023568e-18
-0.00034827307789684004
9.327317065971309e-18
3.428315413283422e-18
7.729705624171072e-18
-0.0006331903091791185
0.00038584130823841677
-1.9186525166915428e-17
-0.0004618578495999013
2.8729842809446855e-05
-3.768439036908003e-18
-1.0792080977617088e-17
6.943063362928815e-18
0.0003858413082384168
-0.0007537607965148553
-1.407031620110083e-17
-0.0003257398369805802
-2.1906328868769717e-17
-0.00046667577928153167
-0.00016390667666692034
7.132309022809523e-19
-1.8973102678595064e-17
-1.3989422246465713e-17
-0.0011404438153194718
9.393434616466864e-18
-0.0004498766715708673
2.7628734960081196e-17
-2.3695463959296684e-19
-8.186822911023539e-18
-0.00046185784959989915
-0.0003257398369805798
9.525896421139258e-18
-0.0009408733264921755
8.816146708789565e-05
2.6765983185857216e-18
-2.862322203347102e-19
8.737408809841958e-20
0.0001776514823474168
-0.00024323818333971828
1.6131810675689453e-17
-4.903111825380395e-05
7.489878718846126e-18
0.0002864411495785218
5.966224283167015e-05
-5.605883173439556e-19
-7.113698279423671e-19
1.3649919027165969e-17
0.00044068002036761514
-5.68102426901627e-18
-9.959243211577629e-19
9.037839875925631e-05
-7.051748037871053e-06
4.206535748241613e-18
-9.149213641067157e-18
5.813060527747779e-18
0.00015155686954778703
-6.29314209445579e-18
1.6653734965227596e-19
-8.293475399264605e-19
4.083966764444285e-18
0.000940497531946419
-1.0705364877011145e-17
-1.0680197329512457e-17
-5.9234066490599965e-19
-1.7171351729109853e-18
0.00035462424917438333
-5.8078800866088025e-18
-8.035698412342905e-18
-9.16760735384151e-18
0.0005088487130998864
-0.0004781567876530061
1.1607521112347582e-17
9.793876902364286e-05
-0.00046456596301391076
2.3750980845774446e-17
6.185960762422761e-18
-1.2592546160765587e-17
-0.0006397415074061797
0.0003491885025994473
3.246336491853884e-18
-0.0003513444103026548
2.7917928252910076e-17
0.0007111830320526382
0.0001840283231712359
-7.29208788108827e-19
1.111652019807561e-17
6.216009118440381e-18
0.0009843054826195194
-1.8768877805333106e-17
-1.4343761890917284e-05
-5.598025066228684e-18
-7.559236241664096e-18
-1.5654683132219684e-18
7.3230696556242175e-06
-0.00020731462680495074
-2.595426467691227e-17
-0.0002824057244749289
3.797959604597291e-18
-2.716034352412174e-05
-0.00011251571205046428
6.205583383304032e-19
-3.4558692572877734e-18
4.1334225792058115e-18
-0.00010380205213329831
1.7565862878923478e-17
0.00014400573141844076
-7.814881376055506e-18
2.1982734522357648e-18
1.1458753324846705e-18
2.476979290476234e-05
0.00011633496186857307
1.2270602402778871e-17
0.00038671369331934216
5.772825745049107e-05
-2.694909229708163e-18
-1.7896636704841764e-18
6.585794664966506e-19
1.7707795712962878e-05
5.625507364751519e-05
1.962611906144301e-19
0.00014332295889944434
-2.71554858511879e-19
-5.910669282586639e-19
-9.090250684629596e-19
-4.002605619384316e-18
3.085556080694224e-20
-2.326150497533707e-19
-2.2608119281178633e-18
-8.618687512155535e-19
-6.74340118186401e-19
-6.577079249436481e-05
-0.00023496123060115094
1.232152229825784e-18
-8.177874859408425e-18
4.5065811512111675e-18
-7.642730266273962e-05
1.2781374155704399e-17
3.672667452391014e-18
6.062210305324555e-05
0.00022994113433897535
-1.1698508576602335e-18
-5.101313462968606e-19
-4.4916343006238e-18
-0.00012977153347889316
9.254704322099832e-18
0.000280120088017923
-1.3756058934519297e-17
-1.2110764358871014e-18
2.0578513725115095e-18
3.054200145548472e-05
0.00023104650523033247
9.354814569000317e-18
0.0007782719575612896
-6.79321281001573e-18
-2.298585934819723e-05
-6.314837499321759e-05
3.885149446138773e-19
-5.513274621140791e-19
-3.087260982098407e-18
-0.00024170834096879498
-9.67369103573905e-18
-0.00010387055790236709
8.556611863836878e-18
2.756111743328319e-18
-1.5642276951744524e-18
5.692401915192499e-05
-0.00030305738001942367
2.714649736511982e-18
-0.00025844367955669707
7.440443628831776e-18
0.00014537990997547044
0.0001867754127407253
-1.0868212870538085e-18
4.119634719337067e-19
1.2299726344298173e-17
0.00016124577056940708
9.180554300611405e-18
4.3762637371802715e-18
4.802596234794848e-05
5.274646086630043e-05
1.336384960947998e-18
1.427183972051145e-18
7.710562756566437e-18
6.177473283699834e-05
3.1681386405213324e-18
-1.6382326092994935e-18
-4.501155293861951e-19
1.1431135281429701e-18
0.00036144860627364695
-4.074694004909245e-18
-8.023722948967649e-18
-2.5051320333787204e-19
-3.510141771528772e-18
-0.0001479396169447531
1.208813152367075e-17
-3.1156287588563608e-18
-7.431335609881351e-18
8.0353825807606e-05
-0.0005255858136169699
-2.3962815668632162e-18
-0.0005072989708522277
9.161098360150204e-05
9.25430606769736e-19
1.3604206164252036e-17
-5.598092429955858e-19
-5.781291536281385e-06
0.00029840236387070594
9.876408160233862e-18
0.00043552260852483174
9.38234825489771e-18
0.0003628320540538204
0.00041536347989442804
-2.0732964262266277e-18
5.85853006973624e-18
2.289563314204314e-19
0.00037267422657339907
-1.040307644459339e-17
-5.947524359101827e-05
-1.255432505924619e-18
-1.2948521960667557e-17
-4.544730649810386e-19
0.00014053486197052745
-0.00032592678296189766
-1.0720623239602899e-17
-0.00016494789423824376
-2.2582069001753455e-19
1.746669475203974e-20
-4.675004314042171e-19
-0.00010906062306946812
1.2348181161704665e-18
3.800357560335729e-19
-4.945058148410104e-20
-4.2709942906133203e-19
-5.0037492585810074e-20
2.4095566138803523e-19
2.7535030825304135e-19
4.025348248216033e-18
-3.9419097620381735e-20
-6.24122664172352e-20
2.1609596862755673e-19
-1.2643675239616601e-19
2.0708971173718668e-18
9.825863371892194e-20
1.2424109928257855e-19
5.811181897163555e-19
2.132411431804702e-18
2.4968510673753043e-18
5.521437061006615e-20
2.89255690632365e-18
0.0004590804749848234
-1.8336878506524982e-17
4.394929196936514e-18
8.140545636781658e-18
0.0004753078037664931
0.000555743315248813
5.179236326523003e-18
0.0006472037297425066
-5.751306470059934e-18
3.3092496189295904e-20
-3.02874417965745e-19
-7.592631313987357e-05
-4.644337321955381e-18
-6.76727711840245e-18
-3.5761308652752037e-20
-8.580800926051013e-18
-3.7260972163571955e-18
-2.148284206882674e-20
-6.674811455767389e-19
-0.00013681274878539333
-2.3250677410936213e-18
-3.0573884475081587e-18
-5.796630259500117e-20
-4.8443515879644505e-18
2.647238175430019e-19
5.328524531667758e-19
5.338535880665658e-19
2.5103649414640047e-18
2.9832221110852774e-19
3.080982389779296e-19
5.05735641005535e-19
2.4622132013367836e-19
-1.0834260260544704e-19
2.5109815750944604e-20
-1.218022671611267e-18
-0.000265187383571851
3.2878928847757017e-18
1.7346356136951157e-18
-1.241476548438816e-19
-5.3320563158282524e-20
8.816146708790267e-05
7.50924710553799e-18
-1.225158034553905e-18
1.6653734965232167e-19
0.0003546242491743849
-0.00046456596301390745
2.7327354495144468e-17
-1.4343761890916128e-05
5.612178076111555e-18
0.0002864411495785211
9.037839875925726e-05
-8.293475399264521e-19
-5.430300954806772e-18
2.5338999335101373e-17
0.0007111830320526384
-4.303517058049881e-18
-1.6364801043630497e-18
5.966224283167096e-05
-7.051748037871791e-06
4.083966764444298e-18
-7.446622861191639e-18
5.837338747596409e-18
0.00018402832317123514
-7.28674855023602e-18
8.737408809841771e-20
-5.605883173439914e-19
4.20653574824163e-18
0.0009404975319464191
-9.16760735384154e-18
-1.2592546160765596e-17
-7.292087881087977e-19
-1.5654683132218775e-18
0.0001776514823474176
-3.0930075025270387e-18
-8.253798338986126e-18
-1.0705364877011165e-17
0.0005088487130998852
-0.000639741507406181
1.3100829135202769e-17
7.323069655625615e-06
-0.00024323818333971952
1.1911213935539077e-17
6.50951293561863e-18
-1.0680197329512466e-17
-0.0004781567876530069
0.000349188502599448
7.739867038949848e-18
-0.00020731462680494524
1.3700198773339541e-17
0.00044068002036761584
0.0001515568695477862
-5.923406649060044e-19
1.1399341655705797e-17
2.173093953742062e-18
0.00098430548261952
-2.5511764188945578e-17
-4.90311182538217e-05
-6.7148243866796004e-18
-5.572349288076201e-18
-1.7171351729110119e-18
9.793876902364196e-05
-0.0003513444103026573
-1.6443433817901156e-17
-0.0002824057244748972
-0.016220455086257028
2.1390065465342805e-16
-5.997589567670624e-17
-1.5225922122163244e-16
-0.01247467894819392
-0.0009300145662053348
-3.4365929778994767e-16
-0.010185448524024195
4.09398363769756e-16
-0.008056171285795364
-0.003366779215219958
2.0808236282597295e-17
3.3978152777214917e-16
-8.184077800074588e-18
-0.007167110325652769
3.8664513612649916e-16
-1.2421980043169214e-16
-0.003366779215219935
-0.007350756243935593
-3.6855097950796476e-20
-2.2659137305660177e-17
-3.7665648436472636e-17
-0.003142892129617328
1.3140933498232522e-16
-1.522592212216306e-16
2.080823628259695e-17
-3.685509795084397e-20
-0.008824752946127603
-8.077883350924711e-17
1.590422507396233e-17
1.4444796589401136e-17
-8.978911072331615e-17
-0.012474678948193879
3.3812940861876923e-16
-2.5110845750713603e-17
-8.077883350924696e-17
-0.015269923133364786
-0.0005974472480111715
-1.5355245808107706e-16
-0.0066764027860632255
-0.0009300145662053003
-5.307836503079949e-17
-2.4889256489180633e-17
1.5904225073961803e-17
-0.0005974472480111974
-0.006153749904971408
-6.53530880483621e-17
-0.0016491182285656122
-3.9997260244346643e-16
-0.007167110325652746
-0.0031428921296173117
1.4444796589400742e-17
-1.7454884421313243e-16
-8.194404445179113e-17
-0.00913257282805819
-5.220067644350333e-18
-0.010185448524024223
4.530127077581367e-16
2.3910269192776225e-17
-8.978911072331443e-17
-0.006676402786063223
-0.001649118228565574
-4.027845680699151e-17
-0.012678154877816379
-9.737960146067348e-16
-0.017750018596817383
-0.002328897403435428
1.2310085234499508e-17
-3.614123447266149e-16
-2.479675868720978e-16
-0.015529519944337137
1.1522015740438165e-16
-0.010282046034354625
9.737579683732322e-16
3.4059191809428263e-17
-9.023768822746213e-17
-0.00582428663610965
-0.0029817291728387947
6.26167380432011e-16
-0.005798793681138776
-0.00583855684610276
1.3304163800665554e-16
5.677925234298685e-17
-1.90502615743278e-16
-0.012579555555842845
-0.005262050499220166
3.638820484560729e-17
7.659795335391218e-05
3.0198760282993636e-17
-1.746286915283005e-16
-1.661572071649851e-16
3.271778276304359e-17
6.501197194984409e-17
2.7698042590912217e-17
-1.9733333450274593e-16
-5.486140893529149e-19
-5.047970882766236e-16
-0.011151525334633249
-0.010494163975546287
5.4759476334081717e-17
-4.190679453238809e-16
-1.8292286041043876e-16
-0.011644432666803428
1.7258673373579519e-16
-2.6455355052723344e-16
-0.005648448514005614
-0.005261419622840146
2.791947754358687e-17
-1.7687103284309197e-16
-5.929212699905152e-17
-0.007646871344318864
1.27331663008757e-16
-0.009825487896913208
1.9955346105130598e-16
7.375037871586176e-17
-1.2465421792971267e-16
-0.007159751968697956
-0.005252356093860831
-2.805073549129744e-16
-0.0071451458478317895
-1.7218900126430289e-16
-0.01171269552393735
-0.0013713908202919586
7.40767372000002e-18
-2.680227792262231e-17
2.1474914675058523e-17
-0.01439974452831615
3.369070421096969e-16
0.01614626170000025
-6.416539100477452e-16
-1.7640488109657817e-16
1.2324972848818784e-16
0.014291809785236899
-0.00920704502744031
-4.9527125327554197e-17
0.0017784848813912249
-6.16090755804671e-16
-0.0026020776841091287
-0.0031899878819627173
1.6781225571394482e-17
-5.732923162030009e-16
3.6306939728304536e-16
-0.0016336812264461551
-2.3337251295638527e-17
-7.404522773720786e-17
0.0008753845168248601
0.0051795344821021026
-4.071700702225663e-17
-4.575976588623379e-17
-1.919839378676191e-16
0.0020545729531510942
-1.527351285743245e-16
1.4931675380014584e-16
-3.881506321292089e-18
-4.0987602021134013e-17
-0.003104750410743448
2.5440627363318336e-16
-3.121740713021894e-17
-1.0967462250850944e-17
8.042906609730365e-18
0.012201558978050498
-4.655940772454531e-16
-1.094987292350502e-16
2.1452080956131717e-16
0.01375675574149451
0.0002559789085782969
-3.63998883925371e-17
0.004011036829926384
-0.0008401944280989212
4.1107343777971653e-17
-2.0464126562260034e-16
4.58818684992486e-17
0.006310814212661942
-0.008409205962997568
-1.907842149341169e-16
-0.006944468962772623
1.6922251905688508e-17
-0.00047378872501236676
0.0012189003453430768
-6.7667283925701736e-18
5.2836413686762227e-17
-3.130854979924135e-16
-0.0024198875177260204
6.229123187131328e-17
0.00641435093010889
-2.746350465769114e-16
-3.023817881879495e-16
3.694183551484135e-17
0.009773606662962269
-0.013912121113937487
9.16023903982084e-17
0.0002019917670963225
3.0094514395080294e-17
5.595071190856514e-18
-8.432784022469893e-17
-0.01969469573981843
2.5282997946938766e-16
1.451589205753344e-16
-8.91115132175059e-18
3.003340025583179e-18
4.646378053141705e-18
-3.511730032477206e-18
-5.8451117035165875e-18
6.94188156770219e-16
1.9754632513779603e-18
9.157340826501176e-19
-2.6211126231288247e-18
2.5230807759716617e-18
-4.0074848272221246e-17
1.4279121008358263e-18
5.956035827339223e-18
-8.763911810050363e-17
-1.841350171360273e-17
-2.1747762520791503e-17
2.00722210467248e-18
-4.7302412229786386e-17
-0.00975428626477178
3.552620326271929e-16
-5.3934827008712036e-17
-2.888610056787741e-16
-0.005184325773530702
-0.005247796801195087
-1.495319076739302e-16
-0.010299031999522305
1.3094928258535775e-16
3.5558689414973644e-18
-4.4917790612881446e-17
-0.01055026127852065
2.0570590082050507e-16
1.4747270177601293e-16
-4.4154780278484856e-18
1.2298940888638316e-16
7.692495913723756e-17
1.528083740654929e-18
-3.308713063823375e-17
-0.007719295142366363
1.4028074817308292e-16
9.273957175309614e-17
-3.13307072882458e-18
7.436959594215816e-17
-2.907625491034562e-18
-1.8875629193738995e-19
3.019384401752631e-19
-3.185500761393125e-16
-1.8240401764412405e-18
-1.896468652884784e-18
-3.0592012657495753e-18
-4.266674592248972e-18
1.2494084019850342e-17
3.866189732982403e-18
-9.209389690625262e-17
-0.02052229507509294
2.574588704158806e-16
1.478712772608064e-16
-9.643426521739374e-18
1.6229047194158427e-18
4.5269428518302576e-18
0.00014400573141844057
5.7728257450491366e-05
-2.715548585118716e-19
-2.4548742051503925e-19
3.998201988151587e-18
0.00028012008801792316
-6.883329259078834e-18
-2.716034352412287e-05
-7.57688274114679e-18
-2.8099419193949614e-18
-5.91066928258665e-19
-6.577079249436462e-05
6.062210305324588e-05
-1.3756021521419238e-17
-2.2985859348197458e-05
-0.00011251571205046467
3.520906329528112e-18
-2.0771752052291077e-18
-9.090250684629385e-19
-0.00023496123060115002
0.00022994113433897628
-2.070961061533133e-18
-6.314837499321463e-05
6.205583383303867e-19
1.145875332484663e-18
6.585794664966577e-19
-3.969845153993918e-18
1.2321522298257845e-18
-1.1698508576602364e-18
2.057851372511518e-18
3.8851494461385483e-19
-3.491193630127808e-18
2.4769792904762077e-05
1.7707795712963197e-05
3.085556080694354e-20
-8.064894231994594e-18
-4.84677627851722e-19
3.054200145548473e-05
-3.277067287726767e-18
3.987233442424111e-18
0.00011633496186857299
5.625507364751542e-05
-2.3261504975336626e-19
4.763651310685712e-18
-4.247176181917404e-18
0.00023104650523033272
-3.641607470288409e-18
-0.00010380205213329026
9.284554491029207e-18
1.970889184294347e-18
-2.260811928117867e-18
-7.642730266273987e-05
-0.00012977153347889112
1.0871056221408623e-17
-0.00024170834096880377
1.5792299787578366e-17
0.00038671369331934357
0.00014332295889944423
-8.618687512155682e-19
1.2170820567916108e-17
8.321535235325434e-18
0.000778271957561291
-8.455617870054194e-18
-1.002609704771344e-15
-0.010282046034354687
-0.005838556846102787
3.019876028299432e-17
-4.789083333422788e-16
-2.40706497740888e-16
-0.009825487896913211
-1.3454725508884099e-16
-0.017750018596817362
1.0050503147590201e-15
1.249236594867093e-16
-1.7462869152830064e-16
-0.011151525334633242
-0.005648448514005613
2.1915016676369002e-16
-0.011712695523937286
-0.0023288974034354195
1.0077129822346027e-16
2.064249263410176e-17
-1.6615720716498525e-16
-0.01049416397554632
-0.005261419622840175
3.63469848386573e-17
-0.0013713908202919783
1.2310085234500409e-17
-9.023768822746275e-17
-1.9050261574327762e-16
3.260441916732058e-17
5.475947633408185e-17
2.791947754358738e-17
-1.246542179297125e-16
7.407673720000647e-18
-3.134102190236543e-16
-0.005824286636109674
-0.01257955555584283
6.5011971949844e-17
-4.2836795128974983e-16
-1.5456780974915625e-16
-0.007159751968697958
1.6181992232566136e-17
-2.1720612427063594e-16
-0.0029817291728388125
-0.005262050499220164
2.7698042590912183e-17
-1.9270202161045888e-16
-4.3739244851680804e-17
-0.005252356093860835
5.758564878968694e-17
-0.015529519944337164
4.801203861973471e-16
7.224842921241377e-17
-1.973333345027455e-16
-0.011644432666803414
-0.007646871344318855
-2.2140087593461013e-16
-0.01439974452831607
1.0471392149075076e-16
-0.005798793681138738
7.659795335393468e-05
-5.486140893533242e-19
1.6451499738526955e-16
1.0142039722518231e-16
-0.007145145847831772
3.377007215158588e-16
-0.0210439445291224
-9.887043209203022e-16
-6.108466394486564e-16
-2.1914623566480872e-16
-0.014737115160281766
-0.0058801975646113405
-8.490150035910596e-16
-0.003321619561801206
-1.00407544463712e-15
-0.04348173848380378
-0.017965453665463538
8.908395145052917e-17
-2.983414482516951e-17
9.269946704821461e-17
-0.026085614076649784
6.629131860708105e-16
-6.153796792797534e-16
-0.017965453665463475
-0.028028697715596906
1.274899001907736e-16
-4.470586737881192e-16
-2.0862462620603756e-17
-0.010484559485988372
2.1709300560855252e-16
-2.191462356648087e-16
8.908395145052694e-17
1.2748990019077316e-16
-0.0031796221392264143
-3.114974564444732e-16
-1.3401246346705998e-16
5.182374738780926e-17
-4.707238168353614e-19
-0.014737115160281753
-1.3091370555357366e-16
-4.921175053176383e-16
-3.114974564444729e-16
-0.023569134357976976
-0.009020839847494582
-1.6508243819492132e-16
0.0006541377810984101
-0.005880197564611341
3.1631649148244e-17
-4.084332407050683e-17
-1.340124634670598e-16
-0.009020839847494579
-0.00671821321513345
-3.3975926102354253e-17
-0.0010259951380461546
-8.941271510248237e-16
-0.02608561407664975
-0.010484559485988367
5.182374738780802e-17
-2.291575230203806e-16
-8.71511816635722e-17
-0.02796404634156748
5.238112239235994e-16
-0.0033216195618011677
6.66733410395436e-16
2.3664689238338706e-16
-4.707238168357242e-19
0.0006541377810984099
-0.001025995138046152
4.880887768732825e-16
-0.005244914857715107
1.0930566389470092e-15
0.014677953973954118
0.01068594518360736
-5.1799039814788795e-17
6.494352848248642e-16
-6.37079730598696e-16
0.003358525081013584
-1.4306222984744763e-16
0.02301782588201562
-9.887008344269445e-16
-5.21587081637602e-16
1.3563571382621735e-16
0.019369786021395066
-0.016596183336954333
-4.9897255682606884e-17
-0.0018642143033000922
0.010363582657669183
-4.2188517220887204e-16
-3.368050652301155e-16
1.8472459737272995e-16
0.014609230077460716
0.0007639083048658461
-2.1444973622419879e-16
0.0003659638257303452
-4.987273814898008e-17
1.6762846970080865e-16
2.5196739738680285e-16
2.7960584852907795e-17
-7.413386296238906e-17
-3.96259225305043e-18
7.208250050261476e-17
-1.053657576108848e-18
4.967342368397897e-16
0.013975694109686623
0.017368054907410974
-8.750259746395033e-17
3.4377499061978223e-16
-2.895364124767488e-16
0.007856013067089525
-1.9378373292493012e-16
-3.976704622077847e-17
-0.0006816664703818128
0.005675900436310583
-2.9207354591189284e-17
-4.1359990804356836e-17
-1.2588789785317864e-16
-0.003852277713258369
5.874048955286444e-17
0.010547602925897254
-4.176732462688549e-16
-5.003312428717484e-16
1.0691094920625582e-16
0.017621789313497133
-0.01766288839276124
-1.9454170030285173e-16
-0.004132716692222434
-2.6590357862306354e-16
-0.002264571339315832
-0.0022448432085025814
1.2182341197447378e-17
-3.933878317664317e-16
3.4487238789541336e-16
-0.0032028993848892957
1.6189430501901354e-16
7.880404196542341e-18
2.4482473046020076e-17
1.1249477016466931e-17
-8.531714416540258e-16
2.4260030527154333e-18
7.245560656173584e-19
3.208913995565649e-18
-8.524990224551061e-19
4.063000192564167e-17
1.3223355114803632e-17
-1.0301675173640304e-16
-0.025394473285882953
3.2199271509274296e-16
1.7552858945579878e-16
-1.0356724307387143e-17
-4.4344821212146296e-18
1.7265036949192376e-17
-2.1482425814272978e-17
-1.4768005797032542e-17
-0.0036641993813060123
6.130532426871256e-17
2.9183018119024094e-17
-3.323821257535678e-17
1.548137695254386e-18
-1.7906328951039052e-16
-0.006564795089365946
-0.0011817420709785264
2.542776286271754e-17
-7.135628765021049e-17
-1.758358980192723e-17
-0.0076068450576842195
1.5772668460316207e-16
4.1619639787069244e-18
9.413853852764208e-17
3.422743649160543e-17
-2.8698706329138417e-16
3.754830974395519e-18
1.3989650532564638e-18
9.442426287677457e-17
-1.6092890670256144e-19
1.6392269482110147e-18
5.0182992659686075e-17
1.48163077004351e-17
-1.0899135323248852e-16
1.3772167363388755e-18
-6.543317239270132e-19
5.377010568106194e-17
-2.783075338606333e-19
1.8596952424742734e-17
3.2632223934670918e-18
-1.1769367948836678e-16
-0.026546362054060847
3.4062404084928387e-16
1.9179053838120413e-16
-1.5751369516588946e-17
-8.406295586955988e-18
-7.7427734684708075e-19
-3.6579564226673035e-18
-2.9353502627790897e-18
5.362376522979871e-16
-3.2085461390893155e-20
-3.583475864874617e-19
-4.138388544094413e-18
-1.8601160717157787e-18
-0.00010387055790236423
8.106863357595291e-18
3.7655733245214554e-18
-1.6382326092994828e-18
-0.00014793961694475422
9.161098360150452e-05
9.048037382291888e-18
-5.9475243591019e-05
1.0045787032538802e-17
0.00014537990997547063
4.802596234794839e-05
-4.501155293861911e-19
1.2059348175692897e-17
8.305570884436755e-19
0.00036283205405382007
-9.30640220681355e-19
2.8723897555116793e-18
0.00018677541274072484
5.2746460866300505e-05
1.1431135281429734e-18
-2.9892044889532595e-18
1.377425703773451e-17
0.00041536347989442793
-1.3839764989184755e-17
-1.5642276951744549e-18
-1.0868212870538139e-18
1.3363849609480043e-18
0.0003614486062736474
-7.431335609881363e-18
-5.598092429955987e-19
-2.073296426226622e-18
-4.544730649810636e-19
5.692401915192458e-05
1.9005666717302286e-19
2.3020076915893064e-18
-4.0746940049092534e-18
8.035382580760635e-05
-5.781291536281753e-06
6.016422994533298e-18
0.00014053486197052728
-0.0003030573800194214
1.0961694849940854e-17
7.892474501551415e-18
-8.023722948967635e-18
-0.0005255858136169698
0.0002984023638707077
1.4666321313028806e-18
-0.0003259267829618974
1.804900067331776e-18
0.00016124577056940697
6.177473283699848e-05
-2.505132033378758e-19
-2.3436524419773797e-18
9.732268423446557e-18
0.0003726742265733993
-1.1370359620851327e-17
-0.0002584436795566988
7.238936826976523e-18
5.7002675347457484e-18
-3.510141771528809e-18
-0.0005072989708522275
0.00043552260852482925
-9.666303513312562e-18
-0.00016494789423824265
0.016146261700000258
-6.218339150327654e-16
-7.569191980210022e-17
1.4931675380014544e-16
0.012201558978050484
-0.0008401944280989406
2.2494906775896527e-17
0.006414350930108839
-6.229813104556439e-16
-0.00260207768410917
0.0008753845168248814
-3.881506321292018e-18
-4.452335729707761e-16
3.8166189176050994e-17
-0.00047378872501235603
-2.4402758873712365e-16
-2.162844103116698e-16
-0.003189987881962701
0.005179534482102097
-4.0987602021133976e-17
-1.144247393690691e-16
-1.98479262425466e-16
0.001218900345343066
-2.6559184701045945e-16
1.232497284881883e-16
1.678122557139441e-17
-4.071700702225636e-17
-0.0031047504107434517
2.1452080956131764e-16
4.588186849924909e-17
-6.766728392570143e-18
3.6941835514840454e-17
0.014291809785236925
-5.872101104868849e-16
-3.9291094131864496e-17
2.544062736331838e-16
0.01375675574149453
0.006310814212661965
4.406481712948344e-17
0.009773606662962288
-0.009207045027440316
3.355844454801126e-16
-1.8214156637472872e-16
-3.121740713021854e-17
0.0002559789085782964
-0.008409205962997558
-2.8601431856961576e-16
-0.013912121113937555
-5.981138945815869e-17
-0.0016336812264461393
0.002054572953151085
-1.0967462250851073e-17
-5.000475271308737e-17
-1.9403526769244406e-16
-0.002419887517726021
6.683282947992749e-17
0.0017784848813912624
-2.4222854460423513e-17
-1.2727725112491173e-16
8.042906609730536e-18
0.0040110368299263914
-0.006944468962772583
4.956005438602827e-17
0.00020199176709637245
1.0570478702870297e-15
0.023017825882015595
0.010363582657669195
-4.9872738148980155e-17
4.956636197272359e-16
-4.5784058875825463e-17
0.010547602925897206
-2.518733738160372e-16
0.014677953973954116
-9.756391608821685e-16
-4.3905977482357685e-16
1.6762846970080863e-16
0.0139756941096866
-0.0006816664703818142
-4.3473538675373377e-16
-0.0022645713393158284
0.010685945183607388
-5.156458683269869e-16
-3.3474421596406536e-16
2.5196739738680275e-16
0.017368054907410967
0.005675900436310578
-4.804305305256104e-16
-0.002244843208502614
-5.179903981478912e-17
1.3563571382621713e-16
1.8472459737273002e-16
2.6782309099947965e-17
-8.75025974639501e-17
-2.920735459118917e-17
1.0691094920625503e-16
1.21823411974474e-17
6.281544509892592e-16
0.01936978602139504
0.014609230077460704
-7.413386296238883e-17
3.5616264908836213e-16
-3.79009674901421e-17
0.017621789313497116
-3.9657850193729166e-16
-6.261933895170704e-16
-0.016596183336954323
0.0007639083048658734
-3.9625922530502936e-18
-2.950800296567587e-16
-1.2460217652224078e-16
-0.017662888392761287
3.331237272392211e-16
0.0033585250810135897
-6.226008417587755e-17
-2.0836068061362428e-16
7.208250050261491e-17
0.00785601306708954
-0.0038522777132583607
-1.6955625264187303e-16
-0.0032028993848893083
-1.369202029673914e-16
-0.0018642143033000308
0.0003659638257303404
-1.0536575761094378e-18
-2.2776539264100627e-16
3.770609763542727e-17
-0.004132716692222427
1.7743272682099397e-16
-0.02294218795746059
3.2954034733495547e-16
-8.331637191125329e-17
-1.3468768052593206e-16
-0.015172612954875616
0.007879508416106714
-1.8100300295195127e-16
-0.002168947683512926
2.968899064841118e-16
-0.018155873352773685
-0.0141226353643527
7.076489661105076e-17
4.733725061109826e-16
-1.5637968670353654e-16
-0.005626438974744283
2.0769173784136515e-16
-7.312725324099011e-17
-0.014122635364352695
-0.016966456406030655
5.838216035907704e-17
4.189875167848286e-16
-2.8093780885543524e-16
-0.004027260965487033
-6.7882993186105974e-18
-1.3468768052593213e-16
7.07648966110505e-17
5.838216035907715e-17
-0.005914140059849054
-8.378869054049714e-17
4.6506694783974774e-17
1.8071910051333677e-17
-1.3610162786229657e-17
-0.015172612954875628
4.4065341729684835e-16
4.277596078224322e-16
-8.378869054049746e-17
-0.022303309829642057
0.018229628523328288
8.735807637479823e-17
0.003090229492839818
0.007879508416106774
-1.590087256797045e-16
-2.7366599894882445e-16
4.650669478397517e-17
0.018229628523328333
-0.034550012058627476
-3.9206415217217157e-17
-0.00774232542379028
-1.7779499301765656e-16
-0.0056264389747442845
-0.004027260965487034
1.80719100513336e-17
7.570409113186567e-17
-4.266207464434592e-17
-0.00528627303922359
-5.925032159724394e-18
-0.0021689476835128527
1.8229219551518366e-16
-7.427627608501616e-18
-1.3610162786229608e-17
0.0030902294928397893
-0.007742325423790216
3.3269401473595635e-18
-0.006705433023377332
-2.0450584453956787e-17
-7.899475659522391e-18
4.8195285726197386e-17
0.01226415217555166
-1.5260342490067103e-16
-7.748119429800245e-17
5.658797751571384e-18
6.564553851381794e-18
-7.768911529935284e-18
-2.1558143884485892e-17
-1.3997035369667197e-17
-3.78574284768363e-16
-4.688420819141183e-18
1.2716624100833731e-18
-5.479935815867884e-19
8.968608435132915e-19
-2.6766314065881854e-18
-1.9328313886197633e-17
-1.983654309199116e-17
-3.9535380048191243e-16
1.389793220982248e-17
-4.354258819937344e-17
-3.6997171433149736e-18
-1.2395666031855236e-17
0.0005680164265857902
-6.993560396818631e-19
-1.0629800118167083e-16
5.382287347492417e-17
0.004080236409123827
-0.009610857514612475
-2.534178901039259e-17
-0.0027466889390655863
-2.1601274839076505e-17
-6.6632175737354274e-18
8.511764569478836e-17
0.019763836225388142
-3.005266406963303e-16
-2.40844021002321e-17
7.99740722795815e-18
3.7462462239034153e-17
1.6885392734076628e-17
4.200245654546404e-18
-1.2552660970486819e-16
-0.02832603006845064
3.3305030417560994e-16
2.6751338353835667e-16
-1.4155050893408076e-17
1.2704306765445056e-17
-9.110396223515146e-19
-2.248550339116743e-18
-4.589548251592871e-18
-4.9907135957008454e-17
-2.2479853122584484e-19
-4.529028021644986e-18
6.651248019098929e-19
-7.441883039133449e-19
5.901954826592201e-18
4.2410594130291747e-20
-2.2265353080555494e-17
-0.005066223049543415
6.345004052820176e-17
3.353785488985904e-17
-2.2805737321229082e-18
8.841984376742397e-18
-2.258206900175211e-19
-5.0037492585808365e-20
2.0708971173718683e-18
0.00045908047498482437
-5.751306470059957e-18
-3.726097216357199e-18
2.6472381754300124e-19
-1.0834260260546083e-19
1.7466694752045368e-20
2.4095566138803446e-19
9.825863371892678e-20
-1.7902482987348498e-17
3.3092496189287634e-20
-2.1482842068826244e-20
5.32852453166777e-19
2.5109815750937336e-20
-4.675004314042185e-19
2.7535030825306017e-19
1.2424109928256897e-19
4.256850245719883e-18
-3.0287441796574815e-19
-6.674811455767424e-19
5.338535880665517e-19
-1.218022671611274e-18
-0.00010906062306946733
8.290092454667469e-18
-8.667871762658421e-19
8.140545636781633e-18
-7.592631313987477e-05
-0.00013681274878539357
-5.778293145533246e-19
-0.0002651873835718533
1.2348181161704592e-18
-3.941909762043924e-20
2.1324114318047112e-18
0.00047530780376649255
-4.644337321955356e-18
-2.32506774109361e-18
2.9832221110856376e-19
3.2878928847757445e-18
3.800357560335821e-19
-6.24122664172626e-20
2.4968510673753132e-18
0.0005557433152488128
-6.7672771184024296e-18
-3.0573884475081463e-18
3.0809823897795046e-19
1.7346356136951567e-18
-4.945058148410423e-20
2.1609596862755946e-19
5.521437061006208e-20
5.026109399835334e-18
-3.576130865274884e-20
-5.796630259500276e-20
5.057356410055309e-19
-1.2414765484388035e-19
-4.2709942906135e-19
-1.2643675239616787e-19
2.8925569063236466e-18
0.0006472037297425057
-8.580800926050984e-18
-4.844351587964453e-18
2.462213201336792e-19
-5.3320563158260286e-20
3.009451439508051e-17
4.64637805314168e-18
-4.007484827222126e-17
-0.009754286264771792
1.3094928258535773e-16
7.692495913723774e-17
-2.9076254910345497e-18
1.2494084019850148e-17
5.595071190856544e-18
-3.511730032477123e-18
1.4279121008358298e-18
3.5394955755601937e-16
3.55586894149738e-18
1.528083740654919e-18
-1.887562919374325e-19
3.866189732982312e-18
-8.432784022469961e-17
-5.8451117035166884e-18
5.956035827339008e-18
-5.297003857858567e-17
-4.4917790612881446e-17
-3.30871306382338e-17
3.0193844017530993e-19
-9.209389690625215e-17
-0.019694695739818482
7.283275439468582e-16
-1.2384462141546554e-16
-2.8886100567877383e-16
-0.010550261278520651
-0.007719295142366346
-3.3216873302847726e-16
-0.020522295075092917
2.5282997946938766e-16
1.9754632513772354e-18
-1.8413501713602453e-17
-0.0051843257735307065
2.0570590082050546e-16
1.4028074817308302e-16
-1.8240401764408896e-18
2.57458870415881e-16
1.4515892057533484e-16
9.157340826502952e-19
-2.1747762520791235e-17
-0.005247796801195096
1.4747270177601308e-16
9.27395717530961e-17
-1.8964686528848806e-18
1.4787127726080607e-16
-8.911151321750656e-18
-2.621112623128805e-18
2.007222104672409e-18
-1.5197249220925898e-16
-4.415478027848448e-18
-3.1330707288245443e-18
-3.0592012657495976e-18
-9.643426521739277e-18
3.003340025583151e-18
2.5230807759716362e-18
-4.730241222978646e-17
-0.010299031999522316
1.229894088863831e-16
7.43695959421582e-17
-4.266674592248943e-18
1.6229047194156382e-18
7.880404196542374e-18
4.063000192564176e-17
1.726503694919242e-17
-1.7750196129692772e-16
4.161963978706911e-18
1.6392269482110222e-18
1.8596952424742592e-17
-7.742773468470843e-19
2.448247304602012e-17
1.322335511480369e-17
-2.148242581427303e-17
-0.0065647950893659435
9.413853852764212e-17
5.0182992659686044e-17
3.263222393467107e-18
-3.6579564226673266e-18
1.1249477016466914e-17
-1.0301675173640309e-16
-1.4768005797032505e-17
-0.0011817420709785257
3.4227436491605406e-17
1.4816307700435063e-17
-1.1769367948836676e-16
-2.9353502627791817e-18
-8.443753803668375e-16
-0.025394473285882995
-0.003664199381306015
2.5427762862717157e-17
-3.0925075725548937e-16
-1.2058489790932822e-16
-0.02654636205406079
5.187361756196345e-16
2.4260030527154086e-18
3.2199271509274336e-16
6.130532426871224e-17
-7.193730786008867e-17
3.7548309743957364e-18
1.3772167363389798e-18
3.4062404084928367e-16
-3.2085461390680214e-20
7.245560656173253e-19
1.7552858945579922e-16
2.91830181190243e-17
-1.7465621184980753e-17
1.3989650532566458e-18
-6.543317239269311e-19
1.9179053838120305e-16
-3.5834758648732475e-19
3.2089139955656253e-18
-1.0356724307387162e-17
-3.3238212575356745e-17
-0.0076068450576842195
9.442426287677459e-17
5.3770105681061925e-17
-1.575136951658896e-17
-4.138388544094408e-18
-8.524990224550952e-19
-4.434482121214608e-18
1.5481376952543791e-18
1.5620680820807562e-16
-1.6092890670253392e-19
-2.783075338606089e-19
-8.406295586955914e-18
-1.860116071715801e-18
-2.0450584453956775e-17
-7.768911529935282e-18
-2.6766314065882e-18
0.000568016426585789
-2.1601274839076363e-17
1.688539273407656e-17
-9.11039622351513e-19
5.901954826592242e-18
-7.899475659522374e-18
-2.155814388448589e-17
-1.932831388619765e-17
-4.218951014288522e-18
-6.663217573735385e-18
4.2002456545463635e-18
-2.2485503391167345e-18
4.241059413027241e-20
4.819528572619732e-17
-1.39970353696673e-17
-1.9836543091991008e-17
-1.0617008081676619e-16
8.511764569478857e-17
-1.255266097048686e-16
-4.58954825159282e-18
-2.2265353080555457e-17
0.012264152175551652
-3.9359675144945743e-16
-3.748216729315021e-16
5.382287347492389e-17
0.019763836225388152
-0.028326030068450712
-4.0878952485799766e-17
-0.005066223049543393
-1.5260342490067135e-16
-4.6884208191410706e-18
1.3897932209822216e-17
0.004080236409123821
-3.0052664069633057e-16
3.3305030417561087e-16
-2.247985312259262e-19
6.34500405282018e-17
-7.74811942980024e-17
1.2716624100834856e-18
-4.354258819937372e-17
-0.009610857514612475
-2.408440210023249e-17
2.675133835383575e-16
-4.52902802164507e-18
3.3537854889858615e-17
5.658797751571357e-18
-5.479935815867986e-19
-3.699717143314939e-18
-2.2622026407540416e-17
7.99740722795815e-18
-1.415505089340814e-17
6.651248019098949e-19
-2.2805737321228628e-18
6.5645538513817615e-18
8.968608435133184e-19
-1.2395666031855252e-17
-0.002746688939065582
3.746246223903402e-17
1.2704306765444991e-17
-7.44188303913365e-19
8.84198437674239e-18
-0.01401049557611962
2.7639555952157896e-16
-8.972070402370252e-17
-7.770001611718487e-17
-0.007004048716691162
-0.0035785405021262814
-1.9795577040057764e-16
-0.006139843737688904
2.5362902994624344e-16
-0.00477886577802173
-0.0017995912350649798
2.199499804528457e-17
1.692079574738907e-16
9.315995731897279e-17
-0.0035769006036570536
3.5446498182787935e-16
-8.569435822775433e-17
-0.0017995912350649813
-0.0011500965058517225
-2.317380447450467e-16
2.554043592117971e-17
-5.299854252021789e-17
8.141488471203217e-05
-9.183241859650125e-17
-7.77000161171852e-17
2.1994998045284528e-17
-2.3173804474504657e-16
-0.05364564923976801
5.793709374066487e-16
3.1354532014160437e-16
-2.3133239406300486e-17
-2.820454651827367e-17
-0.007004048716691174
1.642372373188558e-16
2.7277832516501148e-17
5.793709374066493e-16
-0.006870721637036229
-0.001068191476998769
1.5477859033761875e-17
0.00031475789094539757
-0.003578540502126284
9.224832393247911e-17
-5.327612270384546e-17
3.135453201416043e-16
-0.001068191476998769
-0.00704660656221938
-4.056330691395407e-17
-0.0022532888235124874
-1.8222786358234314e-16
-0.0035769006036570528
8.141488471203284e-05
-2.313323940630054e-17
1.1321931138267888e-17
-4.0946596179608876e-17
-0.004792986806981939
-2.0430947973520026e-16
-0.006139843737688893
3.357622537365488e-16
-8.975432950263514e-17
-2.820454651827353e-17
0.000314757890945402
-0.0022532888235124674
-1.8198605993238466e-16
-0.012917507798610527
