3.6412172924451537e-19
1.2394182280900348e-18
1.714501452340742e-11
-6.807402437416451e-05
-5.5894573122701164e-12
2.55924136698121e-19
5.933038225411824e-19
0.00036991968945921885
2.0204794501448576e-17
5.1488345169034164e-18
-2.1639401853775367e-11
-4.0075483454816515e-19
-3.043329014740559e-19
-2.787599823730878e-20
4.376996112541173e-19
-6.127659807881979e-19
7.597355984923676e-19
0.00010947603307087477
-9.460173369665872e-19
6.225079949739076e-19
1.083170564128484e-12
3.3409800142741383e-18
5.5999450435284474e-18
-0.00023186486561904636
-4.81096814453238e-12
7.690884035224191e-05
-1.1716378242608492e-16
-3.714637095800094e-17
2.738839094162002e-11
-3.253705850495618e-18
-1.2185125753725477e-18
0.0002928832829708733
1.751388977971634e-18
-4.452542605601592e-19
-5.843442810819287e-19
5.187408770445835e-19
2.689685819124517e-19
1.389844849873193e-19
8.11344883335523e-12
-3.673617948858204e-19
6.616961816236282e-19
-1.4584587975210628e-05
2.27889756880444e-18
2.877634423872848e-17
-3.210733310953994e-14
0.003107863422757877
-8.270186282599897e-12
-5.214681884229388e-17
-8.273876000615191e-17
-0.0019319555076040065
-1.0004948235185741e-16
-4.5208168635092107e-17
-4.940040218657331e-13
-1.825654051477694e-17
7.786249069763466e-18
1.6482440815058722e-19
1.1097612042333538e-18
-2.5483823346853283e-18
2.249582089036711e-17
0.00548957478404203
-4.999876492660993e-17
3.714833451498157e-18
3.0330950789270316e-13
4.63580170307317e-17
5.826443277904722e-17
-0.01653038779155501
-3.6373280492553736e-11
-0.01197470074823742
1.786363881933243e-14
5.7412272450131914e-15
-3.2550416076829028e-12
1.3026292584383515e-16
7.755764479505333e-17
0.002224150228622117
2.9659376529625725e-17
-5.0043306953513515e-18
2.404398834454491e-18
1.586910157521193e-17
-3.515644667290013e-19
-4.088694126910768e-17
1.1156048564401487e-12
-8.610091855860048e-18
7.270437087207689e-18
0.0006545289891817037
2.6536915556103656e-16
-1.758689730906946e-16
6.450941922890633e-12
0.002813350443008094
-6.528175902046462e-12
5.294536789335602e-17
-9.162648918117073e-17
0.005938117849132602
2.8228809645454832e-16
3.1888099312453255e-17
-6.279072432187642e-13
1.508495302691142e-17
9.209472110679373e-18
1.8163515648316064e-18
2.23884995781605e-17
1.379459326651132e-18
-6.7352339455373595e-18
0.006738026105408586
-5.838837354448811e-17
6.946457569805311e-18
1.117886863244664e-13
1.2364808165577948e-11
-1.4602352701597893e-12
-1.1907769045320478e-16
-6.64556277962942e-16
-4.954053432147307e-15
0.007735981630958243
-0.03426437385719256
-7.479571975197334e-17
2.6097937593216902e-12
-1.071588587338509e-11
1.799454677802409e-17
0.0023045643548318456
0.014725067499247659
-2.10395727414418e-18
3.089185784950279e-17
-1.4930816033148463e-18
-3.2484200016143802e-18
-2.6217131085711196e-17
3.013405537742809e-14
2.559242339785247e-13
4.7219756230706286e-18
1.460746433979175e-12
1.2366723055460177e-11
-2.4426135553894734e-17
9.58736919307316e-16
5.496353818857267e-14
0.03426437385719238
0.007735981630958347
1.4361816150468854e-16
1.0716538746137724e-11
2.6096372422688156e-12
1.1055936921288049e-16
0.014725067499247636
-0.002304564354831862
-1.2323396010135075e-18
1.7027197957898413e-17
9.213267574783655e-18
-2.4556336430899675e-19
8.148997433349188e-18
2.5594644088755785e-13
-3.013877810236305e-14
5.493998172086614e-17
