-5.5033841618123195e-05
7.352631582340176e-18
-2.9550228091472316e-18
-1.3955923297128607e-18
-2.7665291796448878e-05
-0.00010735808212434527
-3.4127144820222084e-18
-0.00014240124071699916
-0.0030670187878549214
2.453103959830485e-16
-3.6318482439854696e-18
-6.28736364796763e-18
0.00153261020772875
-0.004189496157630284
8.081960109966017e-17
0.001098194058886849
-9.079161119989705e-16
-0.006777313779279599
-0.003191788314711071
5.575304584372034e-18
1.71070480251613e-16
2.005377955176255e-16
0.007930529491644859
-3.116199775044176e-16
0.009587051809426551
-5.11422246784346e-16
-1.4546402998673606e-16
2.5825392644792645e-17
0.0008636415735800619
0.0007344729349237352
-1.631818081849557e-16
-0.0056240046502038865
1.0983333934756704e-18
-1.9439272514345747e-18
-3.3771456338020084e-17
-0.005085172149300144
7.893938890707425e-17
2.6792571197037712e-17
-8.387924095873064e-18
-1.4505256990637534e-17
