-5.6226700316596116e-05
-1.1008595941856553e-18
1.896022015021807e-18
3.443821408868005e-19
-2.7449654597334482e-05
-0.00010795652584947754
-6.586961150697566e-19
-0.000140893039838467
-0.0037916534369936404
-1.1035842709061896e-16
-7.065148725951791e-18
-3.1002450447487934e-18
0.0015887373463931086
-0.0046237149594343194
-5.938426173910224e-17
0.0010932883786943341
-8.38488473977262e-17
-0.0077294400046845
-0.0028308328799920113
-2.2579470813741685e-18
5.834227939492889e-17
-4.533378434728516e-17
0.008609189248601193
-8.541130639215318e-17
0.010772227664200851
1.0801488759359506e-17
1.6917431509791027e-16
1.0526928356756227e-17
0.0004472163213838155
0.0002825084930722921
1.5188389438100365e-18
-0.0055444562672703505
-2.8833202777012076e-17
-1.2293386486287373e-17
-1.5660208275202205e-17
-0.0059939652180268956
1.8104183269883602e-17
2.0706683907215756e-18
-7.361741627868084e-18
-1.3388832069636757e-17
