-0.00023210563110848484
1.570454030459533e-17
-1.6354949788483264e-17
-4.802293912039755e-18
-0.0003482502403219521
2.8475576568731877e-05
-4.233179909583883e-17
-0.0004471108766270946
1.582958258697729e-17
-0.00015931863825785334
-4.774311679682181e-05
5.620240912743464e-19
2.590680513043248e-17
-5.770501702136777e-18
-0.000466276612738655
6.879586948069974e-17
-1.6690071830807373e-17
-4.774311679682181e-05
8.61658013735618e-06
-4.780249666584337e-18
-2.211311408299297e-17
-2.9554855523728518e-18
-0.00016371417885198452
-1.9193836164482883e-17
-4.80229391203976e-18
5.620240912743438e-19
-4.780249666584336e-18
-0.0010099146052490648
7.835057825291602e-18
7.255717210276398e-18
7.852578774259024e-19
-8.486761725449039e-18
-0.0003482502403219524
2.5845723286960086e-17
-2.1931203988892614e-17
7.8350578252916e-18
-0.0006331375984772062
0.00038538711760525957
-3.6558672378413234e-17
-0.00045927235452446116
2.8475576568731277e-05
-6.273215528646995e-18
-2.5601444668661712e-18
7.255717210276398e-18
0.0003853871176052594
-0.0007535470854263446
-2.6777263520119582e-17
-0.0003231970580429832
-4.237751733315806e-17
-0.000466276612738655
-0.00016371417885198454
7.85257877425901e-19
-3.657851986397487e-17
-2.716105250478418e-17
-0.0011398157505257695
1.8359102895778615e-17
-0.0004471108766270955
6.656168703418895e-17
-1.7892468574292806e-17
-8.486761725449022e-18
-0.00045927235452445996
-0.00032319705804298253
2.0324065420407514e-17
-0.0009372486539391615
8.788348350581064e-05
9.417471986209023e-18
6.4142633123425e-18
1.2893925094762589e-18
0.00017658789703385344
-0.00024328184600439832
2.73250845949644e-17
-4.7375904250497627e-05
1.435182390130767e-17
0.00028622972668357365
5.956561128657461e-05
-6.093434224359555e-19
-4.953877242033692e-18
3.1175297283876146e-17
0.0004395854325255812
-7.690650960208903e-18
1.1760177426696614e-17
9.033316616356177e-05
-6.573800055941695e-06
4.438515359493368e-18
1.1384839848082478e-17
-8.979907662318411e-18
0.00015100705537873378
-7.784574523797315e-18
2.4462711906377034e-18
-8.93057927006669e-19
4.334977339789758e-18
0.0009408388144654367
-1.0264110970135025e-17
-1.0227022405647893e-17
-6.633022857476082e-19
-4.917472204776858e-19
0.00035392110880906797
-1.6312220504642007e-17
1.3251673100779404e-17
-9.11576714865567e-18
0.0005084118169119619
-0.00047799016214230904
2.1552917691556938e-17
9.63826199206263e-05
-0.0004648867369427453
5.4044148168202896e-17
-1.3975451730380938e-17
-1.2547584382570585e-17
-0.0006399949250780367
0.00034903321463284807
5.200943351010354e-18
-0.00034869983781965393
5.097672650309553e-17
0.000709955123743803
0.0001832809532966715
-8.452321000840875e-19
2.1165519341868227e-17
1.0975945059536058e-17
0.0009838287743277334
-4.18564040292496e-17
-1.2969982296011264e-05
-2.3474523247075456e-17
-1.1382424073661532e-17
-7.554876893320963e-19
4.9314650152538625e-06
-0.00020435484599803634
-4.8543661211539607e-17
-0.0002797721807343646
7.88321154280893e-18
-2.7702105526320758e-05
-0.00011277129709179203
6.274713447451673e-19
8.771734120951105e-19
1.1170925250807749e-17
-0.00010393403620097195
3.493553251204358e-17
0.00014325609037242333
-1.4358166911340687e-17
1.3528335249232428e-17
8.147886431768134e-19
2.4280917771381158e-05
0.00011607432806367426
2.547891893811434e-17
0.0003865026252123662
5.7341970755906824e-05
-7.932884940074192e-18
-4.579950314602039e-18
5.231352017295697e-19
1.7590504054841495e-05
5.6196717819635047e-05
-1.0573805607990797e-18
0.00014200148144089057
-2.827825500306474e-19
-1.0717901571862702e-18
-2.287711134072332e-18
-6.4890630239493864e-18
4.16879569470723e-20
-2.3466415111650943e-19
-2.2324350621611886e-18
-9.113248395146715e-19
1.8612563389244234e-18
-6.555031813509538e-05
-0.00023475506263656345
1.2584393715489681e-18
-5.608962411611506e-19
1.1086522450854367e-17
-7.619838238632192e-05
2.6382961726160035e-17
8.145517974202365e-18
6.0152607625754185e-05
0.00022951279522471607
-1.2090158071632023e-18
-6.244462334758557e-18
-4.706605767110362e-18
-0.00013006055641619468
1.1358393239113151e-17
0.00027967440588812134
-3.412856733555744e-17
4.404787133439483e-18
1.3833457499061361e-18
3.0407451422767587e-05
0.00023105008849375473
1.9583538169379888e-17
0.0007766409564627817
-1.0114769942593625e-17
-2.1797018465487787e-05
-6.423473214390457e-05
3.774000326668851e-19
-7.952238793665858e-18
-9.872880604536597e-18
-0.0002432088122588663
-1.949004016982388e-17
-0.0001029114029847165
2.093980598776601e-17
7.324966637402949e-18
-4.471274707347018e-19
5.7345757662721497e-05
-0.00030295135944028004
1.5037931691532924e-18
-0.00025594698764935196
1.993444838962353e-17
0.00014559554003529268
0.00018677885322631376
-1.1247533528402422e-18
-8.401635561091988e-18
3.468508997730513e-17
0.00016077683518612643
2.0642282690897116e-17
1.7591758830725533e-19
4.811679213853293e-05
5.293459950301726e-05
1.4139165045695262e-18
4.259406574799881e-18
-1.2167096902291921e-17
6.146683133683001e-05
-1.2017392553263305e-17
-2.484058980066912e-18
-4.760393845513409e-19
1.2114236806661367e-18
0.00036129045402790225
-5.028808946511878e-18
-9.669918226170303e-18
-2.7416362437152654e-19
-6.530035017505953e-18
-0.00014768990782062
2.3842607612647817e-17
-2.0250197857878425e-18
-6.6269940702682675e-18
8.030195363438823e-05
-0.0005251494639468941
-8.128274311761671e-18
-0.000505911796666375
9.149098490488441e-05
-5.019977781021909e-18
1.7897000540314937e-17
-3.9005642135124987e-19
-5.690332518743395e-06
0.0002981287083360314
1.9224998913336616e-17
0.00043853289238073
2.3946730766211482e-17
0.0003621341369895227
0.00041464280688554623
-2.1601455094698298e-18
2.8841256184642045e-18
8.778245257410259e-20
0.0003721584612704062
-1.3468216587285762e-17
-5.848805024034113e-05
-9.11284061146619e-18
-1.7498517794568914e-17
1.0554455866533894e-18
0.0001407136931851091
-0.00032106321595465104
-2.127780738896037e-17
-0.00016204356345261134
-2.8396063591351666e-19
1.2119721650035916e-20
-4.761940261115041e-19
-0.00010918528137705572
1.5055076643565482e-18
-8.14118070896865e-20
-4.672381728337479e-20
-6.042903564297202e-19
-5.475761894002002e-20
2.843817096646813e-19
3.5850310928771537e-19
1.5892291398090733e-17
-4.736145634267013e-20
-6.723900311685515e-20
2.520797021807551e-19
-1.290375001408593e-19
2.199362026357185e-18
1.063951943580207e-19
1.3670471937693199e-19
-4.3626423326890094e-18
2.2617580115517835e-18
2.6503328925854995e-18
8.00985525898291e-20
3.08459739780412e-18
0.00045821556224841535
-4.5877222390376425e-17
2.4502463699362002e-17
7.859896624120475e-18
0.0004743115093971115
0.0005552747127432473
1.1269323970181416e-17
0.0006482152066415672
-7.23798017110857e-18
3.522946669979774e-20
-3.073428414906007e-19
-7.590616797744546e-05
-5.8956587285686975e-18
-8.89850498434174e-18
-3.4306325255784855e-20
-1.0827118501031711e-17
-2.2997274493796006e-18
-2.880600367351031e-20
-6.839152205964266e-19
-0.0001367926052102247
-5.692320214883511e-19
-1.739862085653789e-18
-5.258220673279386e-20
-2.728683149268698e-18
2.6733653842226605e-19
6.540245654323654e-19
7.449650433173188e-19
-3.709478023988597e-18
2.929024334118388e-19
3.054987049169239e-19
6.108673002503672e-19
2.546588924590763e-19
-1.0308673602702444e-19
1.6761674120846565e-20
-1.2467778195571384e-18
-0.0002598913060533457
4.091186694280614e-18
8.112733298432835e-19
-1.179784407664345e-19
-2.206572067084915e-19
8.788348350581453e-05
1.3964864429709743e-17
1.3037308189616277e-17
2.4462711906376645e-18
0.0003539211088090666
-0.0004648867369427455
5.1235112381305936e-17
-1.2969982296013484e-05
1.2154839907052068e-17
0.00028622972668357436
9.033316616356232e-05
-8.930579270066644e-19
-1.648131790207969e-17
5.575536836015209e-17
0.000709955123743803
-1.727157386284705e-17
5.203197337700995e-18
5.956561128657503e-05
-6.573800055942577e-06
4.3349773397897594e-18
1.3527420769095127e-17
-1.466485034551653e-17
0.0001832809532966716
-1.3030586845575873e-17
1.2893925094762248e-18
-6.093434224359547e-19
4.438515359493368e-18
0.0009408388144654367
-9.115767148655683e-18
-1.2547584382570586e-17
-8.452321000840887e-19
-7.554876893320759e-19
0.00017658789703385117
-4.360787706130388e-18
1.0953935817810838e-17
-1.0264110970135019e-17
0.0005084118169119617
-0.0006399949250780367
2.1006086365876266e-17
4.931465015256342e-06
-0.00024328184600439916
3.150728631810761e-17
-8.818554497958083e-18
-1.0227022405647914e-17
-0.00047799016214230996
0.00034903321463284763
1.0876401822684806e-17
-0.00020435484599803653
2.554868090964867e-17
0.00043958543252558093
0.00015100705537873362
-6.633022857476027e-19
2.2004714885993685e-17
4.770747209538495e-18
0.000983828774327732
-4.991461187155488e-17
-4.7375904250508e-05
-4.480352594687186e-18
-8.815225643834417e-18
-4.91747220477685e-19
9.638261992062541e-05
-0.00034869983781965513
-4.294969379609722e-17
-0.00027977218073434667
-0.016324205857792862
8.03426777413891e-16
-6.719698220655258e-16
-1.835982753370715e-16
-0.012481857839859892
-0.0009809032404392048
-7.481388881594302e-16
-0.010083079613788496
7.499751252082119e-16
-0.008046567988508205
-0.0033518301134550497
2.1752973921296613e-17
1.0102998612394367e-15
-2.4503894320054034e-17
-0.007144363078177752
1.3350190748501907e-15
-6.741565609697704e-16
-0.003351830113455046
-0.007358634222782963
-1.6154579829641931e-18
-4.720082552898501e-16
-1.0465357490785654e-16
-0.0031202913689275993
-2.6549470588233894e-16
-1.8359827533707186e-16
2.175297392129627e-17
-1.6154579829638407e-18
-0.00882307514962041
-9.35838067671035e-17
6.494532209290494e-18
1.5335611562430286e-17
-1.0383619994332261e-16
-0.012481857839859903
9.85883775031817e-16
-4.540472925716375e-16
-9.358380676710344e-17
-0.015245688678298943
-0.0006229685312949929
-2.298366979257928e-16
-0.00664322925192133
-0.0009809032404392282
-2.2417424330471758e-17
-8.539485657043206e-17
6.4945322092904205e-18
-0.0006229685312949983
-0.0061834851351633795
-1.2103565176162033e-16
-0.0016355934408902153
-7.381601312378946e-16
-0.007144363078177757
-0.0031202913689275915
1.5335611562430323e-17
-2.2295803965394396e-16
-1.1755774143945414e-16
-0.009097689759666884
-2.1072755415655048e-16
-0.01008307961378844
1.240632226199806e-15
-2.559674367829481e-16
-1.0383619994332314e-16
-0.006643229251921353
-0.0016355934408902432
-1.5855579290667335e-16
-0.012661869374251976
-2.127386783232562e-15
-0.017757951177332493
-0.0023011811230341317
1.3683428742099779e-17
-8.578829452199528e-16
-3.6068677528557483e-16
-0.015492360798150001
8.749897849102857e-17
-0.010282583949442994
2.468001487784886e-15
4.147530601146411e-19
-1.010595643222665e-16
-0.005830660745064834
-0.0029974262119104272
1.3014798349073927e-15
-0.005746308716391017
-0.005813758566556367
3.968218271171697e-17
-7.6600304255267e-16
-2.1128036189835279e-16
-0.012560191070242251
-0.005260844813037637
-3.270943532729717e-16
4.501195512925332e-05
3.1936170897861915e-17
-1.8890034808887432e-16
-1.7989570772603708e-16
5.479045008328878e-17
6.76554967222223e-17
2.851499214359337e-17
-2.0575047479615046e-16
8.342753366772106e-21
-9.767022528736951e-16
-0.01115189646995956
-0.010458257445835877
5.69826882930198e-17
-1.3445575134759222e-16
-1.5465751427827583e-16
-0.011622885856995157
2.697435417397417e-16
-4.7167127637800185e-16
-0.0056680975584516
-0.005274915673910779
2.900466444618792e-17
-1.9383623786607677e-16
-4.371030582371925e-17
-0.007628162233532067
2.5565057385250327e-16
-0.009799621508570252
6.009882178365275e-16
-1.6712682630616184e-16
-1.303058457288187e-16
-0.0071366143260530035
-0.005238937017496659
-4.60133830531856e-16
-0.007117399301882689
-4.570514044858946e-16
-0.011542385543736716
-0.0013944533418737371
7.772962593034372e-18
-5.419211902427168e-17
1.8901378967041122e-16
-0.014308781170039472
7.190120241165021e-16
0.016058829070724177
-1.6570552309351142e-15
7.547071748912452e-17
2.0295371262256963e-16
0.0142312388282925
-0.009268853180687858
-2.871690256995055e-16
0.0018309258516546413
-1.6786978305433499e-15
-0.0025857820731621287
-0.0031696055579755332
1.728434299568774e-17
-1.3722643993675104e-15
9.101403352464928e-16
-0.0016255604599598543
-3.679204931040156e-17
4.058986481682848e-16
0.0008875060620304828
0.005188700879377444
-4.253328606583021e-17
3.1217010453770836e-16
-3.7171713513054684e-16
0.0020551677951757582
-9.203663711012615e-17
1.933903720198143e-16
-3.889914433855645e-18
-4.226760353654704e-17
-0.0030936309386945665
2.8722202363840073e-16
-9.351483140965369e-18
-1.1482791743630616e-17
4.5765074664254335e-17
0.012172822254089352
-1.218059859490354e-15
1.8697695172258955e-16
2.691715474201801e-16
0.013730441843762908
0.00020661137450863194
-2.758237246902669e-16
0.004007667990289035
-0.000861291621019282
7.851393705897873e-17
-1.1788233147527982e-16
8.300259181661265e-17
0.006275711230464593
-0.008441920243513668
-4.690099164315623e-16
-0.006870307794918948
1.5106651585569192e-17
-0.0004854295548061968
0.0011967932153244237
-6.962998577228358e-18
-6.552432133103906e-19
-7.035454472458255e-16
-0.0024036823799720667
-5.539562777338058e-18
0.006327600567881491
-6.860417213754576e-16
1.7633545896401286e-17
1.1536529202661914e-16
0.009728430288230727
-0.013782612951263713
-1.0156232045778079e-17
0.00019162928987239162
3.832881756495412e-17
6.344082243461774e-18
-9.058307723040453e-17
-0.01972973372427064
3.211782082561964e-16
8.24057622247442e-17
-9.191656075925624e-18
2.222786952714708e-18
4.5326990881495496e-18
-4.210412941385811e-18
-5.602370428448144e-18
1.8551358543819136e-15
1.7762954723060987e-18
8.478492869041466e-19
-2.159585508886687e-18
2.1719752154816006e-18
-4.46919121653476e-17
2.3354539164281286e-18
8.877676089164191e-18
-6.456104356080101e-16
-2.1646762759683117e-17
-2.3887517935200185e-17
4.301419898068288e-18
-5.126580347466331e-17
-0.009757928352081061
9.329526420205095e-16
-3.349675242190385e-16
-2.9453260987648607e-16
-0.005209726555002092
-0.00526673416080776
-3.3391903786553644e-16
-0.01025085270830429
1.6949903004416159e-16
3.586521619672724e-18
-4.878862251848073e-17
-0.01059260076650344
2.640211484341671e-16
1.3338077225485368e-16
-4.808461891327479e-18
1.572422884409957e-16
4.951805907644451e-17
1.7256140298558095e-18
-3.5225955799272146e-17
-0.007739111247363663
1.5221216941077284e-16
4.90377976900756e-17
-3.0366260297573773e-18
4.192238354154931e-17
-3.1537760616600256e-18
3.860267350620738e-19
2.9725688323619235e-18
-7.107286569300189e-16
-2.4608087045453065e-18
-1.954552087490162e-18
-3.8016293162839434e-18
-4.489809045424845e-18
1.3206983775341892e-17
4.497350742497001e-18
-9.824602632994511e-17
-0.020361786339630216
3.249949470468091e-16
8.149687223102365e-17
-9.673422366127363e-18
-5.3399280121440836e-18
8.801082714875927e-18
0.0001432560903724233
5.734197075590652e-05
-2.82782550030646e-19
1.897707645917891e-18
8.22304897984195e-18
0.0002796744058881206
-1.1170017504333204e-17
-2.770210552632009e-05
-1.2930313781257258e-17
-8.680460905206588e-18
-1.0717901571862325e-18
-6.555031813509389e-05
6.0152607625756374e-05
-3.473335285826144e-17
-2.179701846548043e-05
-0.00011277129709179363
1.3988389623819728e-17
-4.4593672092677354e-18
-2.287711134072357e-18
-0.00023475506263656427
0.0002295127952247145
3.837658378283996e-18
-6.423473214390528e-05
6.274713447451341e-19
8.147886431768131e-19
5.231352017295744e-19
-6.414066072553697e-18
1.2584393715489758e-18
-1.2090158071631996e-18
1.3833457499061388e-18
3.774000326669553e-19
-1.3845355754626422e-18
2.428091777138168e-05
1.7590504054841797e-05
4.1687956947061685e-20
-4.844973401521202e-19
-6.679306685053264e-18
3.0407451422767506e-05
-4.853318396906724e-18
9.651434050724636e-18
0.00011607432806367474
5.6196717819635074e-05
-2.3466415111651603e-19
1.1063338710070031e-17
-4.833986627570957e-18
0.00023105008849375424
-6.9682207200619e-18
-0.00010393403620096697
2.861608991158464e-17
-9.4763242386796e-19
-2.2324350621611408e-18
-7.619838238632079e-05
-0.0001300605564161919
1.741759294839002e-17
-0.0002432088122588703
3.390602269571228e-17
0.00038650262521236587
0.00014200148144089073
-9.113248395146675e-19
2.6441326036421345e-17
1.14337743525725e-17
0.0007766409564627807
-1.685555247019136e-17
-2.187067647613699e-15
-0.010282583949442972
-0.005813758566556406
3.193617089786192e-17
-9.782065842435832e-16
-4.84275973440227e-16
-0.009799621508570297
-4.588024516135844e-16
-0.01775795117733254
2.4119569617315193e-15
2.040018793288181e-17
-1.8890034808887509e-16
-0.011151896469959625
-0.005668097558451645
6.645054818468961e-16
-0.011542385543736777
-0.0023011811230341517
4.683612063282145e-17
-7.942480164181625e-16
-1.7989570772603686e-16
-0.010458257445835896
-0.005274915673910787
-1.9050752099954743e-16
-0.0013944533418738007
1.3683428742099036e-17
-1.010595643222658e-16
-2.1128036189835244e-16
5.445827144759666e-17
5.698268829302017e-17
2.9004664446188245e-17
-1.3030584572881873e-16
7.772962593035362e-18
-9.04382921831988e-16
-0.005830660745064791
-0.012560191070242232
6.765549672222249e-17
-1.2241638150340015e-16
-1.84093574356325e-16
-0.00713661432605301
-2.1381135848993243e-17
-3.997263122240036e-16
-0.0029974262119103912
-0.005260844813037636
2.851499214359361e-17
-1.3986035316891643e-16
-3.617012768395355e-17
-0.005238937017496659
2.0169658219128119e-16
-0.015492360798150022
1.2778304828235549e-15
-2.8544986454840224e-16
-2.057504747961508e-16
-0.011622885856995153
-0.007628162233532098
-4.698521728509813e-16
-0.014308781170039529
1.4998947286046212e-16
-0.005746308716391041
4.501195512926087e-05
8.342753366395372e-21
2.4579327861981916e-16
2.4608400011253433e-16
-0.007117399301882634
7.282331552874128e-16
-0.020943378385467896
-1.6737754114989258e-15
-1.8632979732810142e-15
-2.4540275850555666e-16
-0.014680876209774197
-0.005836268861729256
-1.84663076864601e-15
-0.003393071395694856
-1.7867318391593415e-15
-0.043397102970831186
-0.01793590908316728
9.623321075576282e-17
6.099117057212801e-16
3.5391471721011226e-16
-0.02606921777107821
1.4389209819239207e-15
-1.9034705302321508e-15
-0.017935909083167282
-0.02798044870047112
1.3364280987793556e-16
-7.239254297617943e-16
-3.858244083643512e-16
-0.010467717163652305
5.54696292794814e-16
-2.4540275850555607e-16
9.623321075576316e-17
1.3364280987793595e-16
-0.003197244859567634
-3.439371980679715e-16
-1.4771384946138122e-16
5.520509636791849e-17
3.477409153113805e-18
-0.014680876209774174
6.152913379232311e-16
-7.2440014297064415e-16
-3.439371980679713e-16
-0.02350532104364464
-0.0089808800806215
-2.100499183125705e-16
0.0005810432657014028
-0.005836268861729258
3.626861240352722e-16
-3.8529438964967185e-16
-1.4771384946138122e-16
-0.008980880080621501
-0.006669533508898921
3.355066118991884e-17
-0.0011029614454560403
-1.7641964943588598e-15
-0.02606921777107814
-0.010467717163652317
5.520509636791883e-17
-1.9958671624021692e-16
5.480952929057992e-17
-0.027967077705222106
8.874589203954972e-16
-0.0033930713956948667
1.4043526903854289e-15
4.960375692928024e-16
3.4774091531143926e-18
0.0005810432657014387
-0.0011029614454560342
9.502143603704232e-16
-0.005229456896639866
2.5953447486059424e-15
0.014576252768664815
0.010619636481415232
-5.576042903144602e-17
1.1467246223840956e-15
-1.329552231556527e-15
0.0033614418217164732
-2.7146002784533626e-16
0.022906263029875393
-3.154742972883472e-15
-6.098812215297855e-16
2.524502431972519e-16
0.01932208851847941
-0.016600533110847866
-5.691032572668425e-16
-0.0017919768371824232
0.010333016506548711
-6.358348845857396e-16
6.583560919598773e-16
2.2620391924601645e-16
0.014587000767597693
0.0007483854390454781
-1.9013074556607153e-16
0.0003540000016659308
-5.415190289201864e-17
2.1629908487551164e-16
2.8632659990695744e-16
3.990036121324835e-17
-7.849820383902825e-17
-3.848828837458947e-18
1.1368010650452256e-16
-9.906380537848213e-19
9.84048533949249e-16
0.013931495565685304
0.017321308096540124
-9.252893089614022e-17
-9.773511512288013e-17
-7.665158094143359e-16
0.007856004374747599
-5.491402969211392e-16
-1.0149140253042386e-16
-0.0006975492579558097
0.005639747463569675
-3.021013854905577e-17
-3.313276948010397e-16
-9.934885083560581e-17
-0.0038410169430478356
1.1479179383060155e-16
0.010527825278535796
-1.3545942750250195e-15
-2.640190770220218e-16
2.241743246015565e-16
0.01759571778216619
-0.0176667703318104
-6.764580488736065e-16
-0.004137068944654061
-5.552010650335597e-16
-0.002159182277042986
-0.00214998338117686
1.2282396547054542e-17
-7.743748043399268e-16
6.528852211204194e-16
-0.0031907935034784004
3.2385591809764107e-16
7.467335371926274e-18
3.2752960423385764e-17
1.87667386590929e-17
-1.893224092387708e-15
1.319970306063818e-18
5.71688813871908e-19
6.94631301785527e-18
-8.963313129989769e-19
5.00660760804892e-17
1.460044100380424e-17
-1.1123535384465045e-16
-0.025363878928397556
4.1080051792656775e-16
9.390714376950093e-17
-1.1299650112019506e-17
-7.537692153216732e-18
2.1586269651096395e-17
-2.5557245095946936e-17
-1.817379655314955e-17
-0.0036568657327494467
8.229509900547794e-17
1.9962172392438056e-17
-3.8090986582930956e-17
3.529950493369582e-19
-4.378490171672815e-16
-0.006546201866799777
-0.001172962583202285
2.7029531512161932e-17
-1.9782183199834338e-16
-7.206232118135226e-18
-0.007617482518162325
3.394953374863203e-16
3.726626513054867e-18
1.2582565904386987e-16
5.080810952258304e-17
-8.096673456816669e-16
2.1508562514184305e-18
1.1376927565932935e-18
1.2700361438087586e-16
3.80699794350353e-21
1.5204234217794819e-18
3.240847236155951e-17
1.4759521917999675e-17
-1.0388223354483239e-16
1.1683587919589607e-18
-8.077667556791221e-19
3.207786392680093e-17
-2.106141206078658e-19
2.1585271031228978e-17
3.700700742145968e-18
-1.2671899307373284e-16
-0.026558702806470238
4.308806726173074e-16
1.0562238129102808e-16
-1.651918908148193e-17
-1.4188748362050696e-17
-9.365529565830538e-19
-5.1092990371622665e-18
-4.11622910926578e-18
1.0662854538185365e-15
-1.1311324049950641e-20
-2.943597083302826e-19
-6.989665760602038e-18
-2.4579499872448796e-18
-0.00010291140298471675
1.9264023110761366e-17
8.919661673105446e-19
-2.4840589800669137e-18
-0.00014768990782062008
9.149098490488598e-05
2.4555604658593275e-17
-5.8488050240340364e-05
2.043093341315196e-17
0.00014559554003529352
4.8116792138533083e-05
-4.760393845513475e-19
2.3532052954987512e-17
-3.85293192616133e-18
0.00036213413698952217
-7.11012653053064e-18
7.341931774522563e-18
0.000186778853226313
5.2934599503017546e-05
1.2114236806661371e-18
-1.96351033210011e-18
1.7405749429535927e-17
0.00041464280688554645
-2.0125716839574227e-17
-4.471274707347437e-19
-1.124753352840252e-18
1.413916504569525e-18
0.00036129045402790263
-6.6269940702682475e-18
-3.9005642135124597e-19
-2.1601455094698236e-18
1.0554455866534936e-18
5.7345757662718454e-05
-9.64104145132577e-18
4.040876496457962e-18
-5.028808946511882e-18
8.03019536343889e-05
-5.690332518744927e-06
3.782808648617179e-18
0.0001407136931851118
-0.0003029513594402778
3.451387783055069e-17
-1.1450789966154343e-17
-9.669918226170297e-18
-0.0005251494639468943
0.0002981287083360329
-1.4853995381926312e-19
-0.0003210632159546505
1.582578097082507e-18
0.00016077683518612594
6.146683133683003e-05
-2.7416362437152326e-19
-8.019547696431854e-18
1.828395772730139e-17
0.00037215846127040635
-2.287302242236711e-17
-0.00025594698764935006
1.9497288370034373e-17
-1.2006039056958181e-17
-6.530035017505934e-18
-0.0005059117966663741
0.00043853289238072595
-1.2882893655435324e-17
-0.0001620435634526091
0.016058829070724208
-1.6316592230969201e-15
3.906052109000008e-16
1.9339037201981465e-16
0.012172822254089359
-0.0008612916210192743
3.204747738723929e-18
0.0063276005678814876
-1.6463119345560222e-15
-0.002585782073162145
0.0008875060620304771
-3.889914433856112e-18
-1.2418620606687967e-15
6.592591169145471e-17
-0.0004854295548061858
-6.580931870414267e-16
6.535959963631422e-17
-0.0031696055579755584
0.005188700879377471
-4.2267603536546923e-17
1.9778214214364445e-16
-9.370042044754909e-17
0.0011967932153244486
1.2430549403339636e-17
2.0295371262257103e-16
1.7284342995687956e-17
-4.2533286065830084e-17
-0.003093630938694565
2.6917154742017996e-16
8.300259181661259e-17
-6.962998577228451e-18
1.1536529202661707e-16
0.014231238828292614
-1.3440492212266718e-15
3.205231211582255e-16
2.872220236384007e-16
0.013730441843762898
0.006275711230464591
-1.3102460366083433e-17
0.009728430288230594
-0.009268853180687918
8.1653803903801855e-16
-3.562819283863259e-16
-9.35148314096573e-18
0.00020661137450862674
-0.008441920243513673
-6.550331777437428e-16
-0.013782612951263762
-2.8543710188001147e-16
-0.0016255604599598448
0.0020551677951757656
-1.1482791743630408e-17
-2.683154805043177e-16
-4.52977349531089e-16
-0.0024036823799720676
-3.8924436093547634e-17
0.0018309258516546686
-1.2274488307577437e-16
-6.732240376808332e-17
4.576507466425342e-17
0.004007667990288998
-0.006870307794918994
2.6618248393884697e-17
0.0001916292898723296
2.604696423204142e-15
0.022906263029875355
0.010333016506548725
-5.4151902892018965e-17
9.664137978461302e-16
-1.064971572584019e-16
0.010527825278535859
-5.538321384502649e-16
0.014576252768664807
-3.165917483623509e-15
-6.655869430275792e-16
2.1629908487551132e-16
0.013931495565685285
-0.0006975492579558299
-1.3198642386510616e-15
-0.00215918227704297
0.010619636481415248
-6.019606307939807e-16
6.54248913751056e-16
2.8632659990695783e-16
0.01732130809654014
0.0056397474635696805
-2.7502726601692474e-16
-0.0021499833811768755
-5.576042903144604e-17
2.524502431972519e-16
2.2620391924601724e-16
3.9308090350521034e-17
-9.252893089614052e-17
-3.0210138549055867e-17
2.241743246015569e-16
1.2282396547054855e-17
1.1567771126359986e-15
0.019322088518479438
0.014587000767597731
-7.849820383902869e-17
-1.2573118468738873e-16
-3.4273314358416366e-16
0.017595717782166186
-7.550359346622371e-16
-1.3491506922539974e-15
-0.0166005331108479
0.0007483854390454898
-3.848828837458687e-18
-7.434300423818068e-16
-9.341751720907254e-17
-0.017666770331810397
6.368579855121918e-16
0.0033614418217164806
-5.814778122499311e-16
-1.739766377352335e-16
1.136801065045228e-16
0.007856004374747615
-0.003841016943047823
-6.786137400454059e-16
-0.0031907935034784203
-2.6995420860371197e-16
-0.0017919768371823378
0.00035400000166591473
-9.906380537846406e-19
-5.3549855371606625e-16
1.2036761204381987e-16
-0.004137068944654124
3.1785446964025163e-16
-0.022703962249378856
9.766090212842552e-16
-1.0618761179232784e-15
-2.0811975376111918e-16
-0.015068606771924115
0.007846825161637866
-2.606043510865557e-16
-0.002189045829130265
9.328512202835824e-16
-0.018086537433357457
-0.01409585538999592
7.558868555403963e-17
1.7411063524241708e-15
-6.821878689086953e-16
-0.005616942757214735
5.220878817038096e-16
-1.0818987191960065e-15
-0.01409585538999592
-0.016932398964865494
6.129040493050074e-17
2.465780698180533e-16
2.259541374442574e-16
-0.004036155007138854
1.4770214553201556e-16
-2.0811975376111903e-16
7.558868555403955e-17
6.129040493050065e-17
-0.0059203690800004065
-1.987866525902101e-16
2.0300538486897377e-16
1.983210041055487e-17
2.340099809989508e-17
-0.015068606771924085
1.7187730326987272e-15
2.536708819447232e-16
-1.9878665259021034e-16
-0.022218724818660045
0.018220389789011925
4.961134799470257e-16
0.0030990776561222785
0.007846825161637814
-6.680977615899987e-16
2.0281355695217363e-16
2.0300538486897453e-16
0.018220389789011967
-0.03458007840938448
-4.2826037259155013e-16
-0.007695142936422649
-2.471958949732821e-16
-0.005616942757214736
-0.004036155007138861
1.983210041055484e-17
4.838038202074894e-16
-4.224624140081289e-16
-0.005257694974332876
-1.3165572870741601e-16
-0.0021890458291301995
4.889595217113721e-16
1.1033077247876054e-16
2.3400998099895603e-17
0.0030990776561223175
-0.007695142936422691
-1.2167987972916042e-16
-0.006652449796440345
-2.281854137890415e-17
-8.743491653365649e-18
5.231351472683709e-17
0.012176729967479441
-1.9522297351299182e-16
-3.5325738513716446e-17
5.912503437945362e-18
9.988116481143723e-18
-7.991429149799215e-18
-2.814864164379252e-17
-2.1800051612442964e-17
-1.149171886828683e-15
-3.949884251197585e-18
9.731931486242246e-19
-2.689206072126912e-18
6.167247729360821e-19
-1.633759283489889e-18
-2.4825506188793037e-17
-2.862553120730744e-17
1.80285607206281e-16
1.745854752959717e-17
-4.78258905853647e-17
-6.506702904020261e-18
-1.3639493660514247e-17
0.0005444276531733826
-7.248645129771655e-17
-1.5682801420503728e-17
2.5940431573582263e-16
0.004070709185796621
-0.009618271018023865
-1.4643279619091477e-16
-0.002736782119286977
-2.786643889512419e-17
-7.289030661617773e-18
9.190404995467783e-17
0.01970828262002
-3.852441663177329e-16
7.512828507514211e-17
8.36524108535451e-18
5.062456502002897e-17
2.1807323088299012e-17
5.28135417368232e-18
-1.3372100290911404e-16
-0.028342950825418715
4.3708464700785877e-16
1.4381290150770184e-16
-1.4153901071691252e-17
-7.062892192305427e-19
-9.267271974695222e-19
-3.6445910799530114e-18
-7.576120679990858e-18
-4.2135818958472625e-16
3.9204422828247225e-19
-4.593113892447952e-18
-2.886011497726531e-19
-7.786633716592835e-19
8.202165032580542e-18
5.985699431210938e-19
-2.396242797895612e-17
-0.004998728196594312
8.148958597848721e-17
1.5559232850897163e-17
-1.9740470649311875e-18
1.1329921657046843e-17
-2.8396063591351603e-19
-5.475761894001983e-20
2.19936202635719e-18
0.00045821556224841627
-7.237980171108573e-18
-2.2997274493795994e-18
2.673365384222665e-19
-1.0308673602702737e-19
1.2119721650035326e-20
2.8438170966468354e-19
1.0639519435802412e-19
-4.551949178431164e-17
3.522946669979829e-20
-2.8806003673509755e-20
6.540245654323643e-19
1.6761674120856704e-20
-4.761940261115176e-19
3.5850310928769967e-19
1.367047193769357e-19
2.4501160580642824e-17
-3.0734284149059646e-19
-6.839152205964215e-19
7.449650433173286e-19
-1.2467778195571138e-18
-0.00010918528137705607
1.357035228976427e-17
-3.763723852142959e-18
7.859896624120512e-18
-7.590616797744366e-05
-0.00013679260521022222
-2.149073270604857e-18
-0.00025989130605334125
1.505507664356559e-18
-4.7361456342634434e-20
2.261758011551768e-18
0.0004743115093971119
-5.895658728568756e-18
-5.692320214884065e-19
2.929024334118178e-19
4.0911866942804864e-18
-8.14118070896955e-20
-6.723900311683976e-20
2.650332892585501e-18
0.0005552747127432475
-8.898504984341743e-18
-1.739862085653789e-18
3.05498704916916e-19
8.112733298433197e-19
-4.6723817283374317e-20
2.520797021807514e-19
8.009855258982839e-20
1.1174503813166597e-17
-3.430632525578433e-20
-5.258220673279396e-20
6.108673002503702e-19
-1.1797844076643732e-19
-6.042903564297191e-19
-1.2903750014086099e-19
3.0845973978041138e-18
0.0006482152066415657
-1.0827118501031702e-17
-2.728683149268695e-18
2.546588924590782e-19
-2.20657206708502e-19
3.832881756495422e-17
4.532699088149654e-18
-4.46919121653476e-17
-0.00975792835208106
1.6949903004416137e-16
4.9518059076444534e-17
-3.1537760616600572e-18
1.3206983775341777e-17
6.3440822434618436e-18
-4.21041294138586e-18
2.335453916428182e-18
9.515706810139104e-16
3.5865216196723915e-18
1.725614029855618e-18
3.860267350621214e-19
4.497350742496897e-18
-9.058307723040474e-17
-5.602370428448062e-18
8.877676089164017e-18
-3.394353012359812e-16
-4.878862251848076e-17
-3.5225955799271856e-17
2.9725688323618638e-18
-9.824602632994435e-17
-0.019729733724270657
1.878589088286223e-15
-6.646781533159209e-16
-2.9453260987648593e-16
-0.010592600766503448
-0.007739111247363616
-7.283086427914092e-16
-0.020361786339630088
3.211782082561978e-16
1.7762954723055382e-18
-2.164676275968246e-17
-0.005209726555002102
2.6402114843416715e-16
1.5221216941077207e-16
-2.4608087045448443e-18
3.2499494704680526e-16
8.240576222474406e-17
8.478492869039971e-19
-2.388751793520014e-17
-0.005266734160807767
1.33380772254854e-16
4.903779769007548e-17
-1.9545520874901012e-18
8.149687223102348e-17
-9.191656075925671e-18
-2.159585508886657e-18
4.301419898068283e-18
-3.4157884064120042e-16
-4.808461891327335e-18
-3.0366260297572636e-18
-3.801629316283971e-18
-9.673422366127257e-18
2.222786952714568e-18
2.171975215481489e-18
-5.1265803474663425e-17
-0.010250852708304324
1.572422884409965e-16
4.1922383541549466e-17
-4.48980904542482e-18
-5.3399280121440774e-18
7.46733537192627e-18
5.0066076080489307e-17
2.1586269651096405e-17
-4.3498001449430463e-16
3.726626513054815e-18
1.5204234217794742e-18
2.1585271031228808e-17
-9.36552956583047e-19
3.275296042338576e-17
1.4600441003804298e-17
-2.555724509594697e-17
-0.006546201866799776
1.2582565904386987e-16
3.240847236155948e-17
3.7007007421459305e-18
-5.109299037162211e-18
1.8766738659092778e-17
-1.1123535384465114e-16
-1.817379655314956e-17
-0.0011729625832022884
5.080810952258332e-17
1.4759521917999725e-17
-1.2671899307373245e-16
-4.116229109265903e-18
-1.914933855008937e-15
-0.025363878928397615
-0.003656865732749409
2.702953151216206e-17
-7.918078689216164e-16
-1.1441537149573613e-16
-0.026558702806470193
1.0557988502154244e-15
1.319970306064446e-18
4.108005179265687e-16
8.22950990054774e-17
-2.0043199190830169e-16
2.1508562514181324e-18
1.1683587919591256e-18
4.3088067261730647e-16
-1.1311324049935736e-20
5.716888138720948e-19
9.390714376950137e-17
1.9962172392437813e-17
-8.447304507332368e-18
1.1376927565929566e-18
-8.077667556791839e-19
1.0562238129102776e-16
-2.9435970833014784e-19
6.946313017855288e-18
-1.1299650112019578e-17
-3.809098658293087e-17
-0.0076174825181623195
1.2700361438087581e-16
3.207786392680091e-17
-1.6519189081481848e-17
-6.989665760602103e-18
-8.96331312998973e-19
-7.537692153216846e-18
3.5299504933694033e-19
3.3629298840961307e-16
3.8069979435687125e-21
-2.1061412060786286e-19
-1.418874836205069e-17
-2.4579499872449066e-18
-2.2818541378904135e-17
-7.991429149799195e-18
-1.6337592834898785e-18
0.000544427653173372
-2.786643889512399e-17
2.180732308829899e-17
-9.267271974695417e-19
8.202165032580523e-18
-8.74349165336574e-18
-2.81486416437926e-17
-2.4825506188792972e-17
-6.71228556654209e-17
-7.289030661617898e-18
5.28135417368232e-18
-3.644591079952982e-18
5.985699431210633e-19
5.2313514726837025e-17
-2.180005161244305e-17
-2.862553120730737e-17
-1.7866805525928663e-17
9.190404995467772e-17
-1.3372100290911372e-16
-7.57612067999083e-18
-2.396242797895608e-17
0.01217672996747943
-1.162476718614983e-15
1.8936282669063706e-16
2.5940431573582213e-16
0.01970828262001997
-0.028342950825418628
-4.158368691888172e-16
-0.00499872819659431
-1.9522297351299172e-16
-3.949884251197412e-18
1.7458547529596903e-17
0.0040707091857966225
-3.852441663177323e-16
4.3708464700785783e-16
3.920442282823829e-19
8.148958597848711e-17
-3.532573851371648e-17
9.73193148624267e-19
-4.782589058536469e-17
-0.009618271018023872
7.512828507514234e-17
1.438129015077015e-16
-4.59311389244797e-18
1.555923285089735e-17
5.912503437945419e-18
-2.689206072126883e-18
-6.5067029040203016e-18
-1.4840603276632115e-16
8.365241085354552e-18
-1.4153901071691202e-17
-2.886011497726696e-19
-1.9740470649311664e-18
9.988116481143758e-18
6.167247729361301e-19
-1.3639493660514334e-17
-0.0027367821192869728
5.062456502002883e-17
-7.06289219230502e-19
-7.786633716593148e-19
1.132992165704685e-17
-0.01390828363523671
8.140481829346594e-16
-4.66063497344613e-16
-8.33095693762204e-17
-0.00698538252549784
-0.0035851148073878453
-3.9150645666958153e-16
-0.006068504710442237
8.276307258897764e-16
-0.00474507211212987
-0.0018096682036403164
2.314646378110164e-17
4.922613852549767e-16
2.5838315324453387e-16
-0.0035555792929900304
7.952222246167257e-16
-4.624146525218056e-16
-0.001809668203640316
-0.001160231146631072
-2.497450220827406e-16
-1.6400959787910385e-16
-1.1614857694298096e-16
8.060646717854232e-05
-2.1875066660631342e-16
-8.330956937622051e-17
2.3146463781101753e-17
-2.4974502208274087e-16
-0.05360347743751373
7.383629900343139e-16
1.560220952217111e-16
-2.3586034072810687e-17
-2.841602454122619e-17
-0.006985382525497831
4.942158115176668e-16
-1.6407538958255617e-16
7.383629900343138e-16
-0.00682249570711333
-0.0010537658923123927
1.9510269864674248e-17
0.00020767721293200674
-0.003585114807387845
2.5844175991198767e-16
-1.1452710217353565e-16
1.5602209522171107e-16
-0.0010537658923123949
-0.007029978991910662
-7.209724375132439e-17
-0.0023225475474614224
-3.899037331683264e-16
-0.003555579292990035
8.060646717854343e-05
-2.3586034072810672e-17
1.6927825767906293e-17
-7.438258608393598e-17
-0.0047750125239697004
-4.150284727132238e-16
-0.006068504710442234
7.974285155138322e-16
-2.0575766711346118e-16
-2.8416024541226036e-17
0.00020767721293202008
-0.0023225475474613977
-4.052159356654805e-16
-0.012756884968298366
