-0.00023234300974712092
-4.253566968205771e-18
-2.9874369123721805e-18
-3.463615677225449e-18
-0.0003476789738386064
2.7751557632798348e-05
9.33802739504544e-18
-0.00044728176663213424
-4.441122697505776e-18
-0.00015954714575076498
-4.802786692721372e-05
6.023362553598712e-19
-8.884286622444091e-18
-1.1050399798032426e-18
-0.0004633316676223186
-1.3129693277505578e-17
-3.1665162942658664e-18
-4.802786692721376e-05
7.909208881372048e-06
-5.1748788908358575e-18
-3.643805217805915e-18
-4.0736274898967195e-18
-0.0001627893544800188
-9.801064538849696e-18
-3.46361567722545e-18
6.023362553598754e-19
-5.174878890835855e-18
-0.0010083156756413628
8.317747254414341e-18
7.109777145082268e-18
8.370097646004785e-19
-8.739540543169046e-18
-0.0003476789738386068
-8.76212591838877e-18
-3.648800503402961e-18
8.31774725441434e-18
-0.0006326657734586001
0.00038445672793788904
2.403766510039924e-18
-0.00045942800399442687
2.775155763279822e-05
-8.9302323345173e-19
-4.027277192065451e-18
7.109777145082268e-18
0.0003844567279378892
-0.0007525939123364605
3.2921341993630334e-18
-0.00032325077249071313
9.404038735852157e-18
-0.0004633316676223187
-0.00016278935448001881
8.370097646004787e-19
2.3715017719772958e-18
3.3175551262965558e-18
-0.0011368016045751022
3.209334018596582e-18
-0.000447281766632134
-1.2963732623065834e-17
-9.538814103513503e-18
-8.739540543169015e-18
-0.000459428003994426
-0.000323250772490712
3.3368971288096936e-18
-0.0009376801603196378
8.84205063432519e-05
-4.85097262637589e-18
-2.8149968306056552e-18
-6.11226117157841e-19
0.00017590130592879408
-0.00024198296865436312
-1.0732756726770402e-17
-4.794147784169207e-05
-2.8380949758802694e-18
0.0002859796560184812
5.9833140534446135e-05
-6.307534445039445e-19
1.096054398123399e-18
-7.451740915958052e-18
0.00043801231988321464
-9.471345609541084e-18
-2.8978730168678775e-18
9.051571757917959e-05
-5.484320778953563e-06
4.815903879230229e-18
-2.909563760879539e-18
-2.7969419409038916e-18
0.00014983613400644196
-2.2712542850031724e-18
-1.1604908884176107e-18
-1.0230052627760407e-18
4.7253009875756565e-18
0.0009393402598247966
-1.1790370064374744e-17
-1.1628357793457339e-17
-6.924010281874918e-19
-2.393000852753303e-18
0.00035289753284561384
4.708672847323354e-18
-1.1284672908746666e-18
-9.854801177214715e-18
0.0005078233456507404
-0.00047669923657702254
-3.713260646331182e-18
9.619175879883598e-05
-0.0004631505651411237
-1.3599657821826283e-17
-5.796949844840483e-18
-1.3467117855132476e-17
-0.0006388177181654999
0.0003491315398270236
-5.9256217646455124e-18
-0.0003490204281045154
-1.6550790467878954e-17
0.000704337136329822
0.00018127296451815673
-8.381686081312786e-19
-2.596513518918459e-18
-3.616917082164968e-18
0.0009812732057429866
-1.9005986664881377e-19
-1.3598888315006905e-05
-1.0527935570945997e-17
5.102210395512775e-19
-1.8852054432382787e-18
4.538535692595125e-06
-0.00020443368304377674
-3.814792523287731e-18
-0.0002799608930336996
-3.881929578829857e-18
-3.073039682786478e-05
-0.0001140955736424806
7.1095396658148425e-19
-3.73205740362628e-19
-6.8043812290754715e-19
-0.00010457251386358619
-8.572096297612634e-18
0.00014196100759941883
4.434748295253596e-18
-5.6276340940521105e-18
1.6329783502396983e-18
2.3815571874785138e-05
0.0001147643629323933
-4.6350705060258926e-18
0.00038547574533925183
5.64713383239244e-05
1.0559669139499315e-18
-4.623895197469531e-18
8.640589709828008e-19
1.782359748593653e-05
5.5781554532775784e-05
-2.8768787361908628e-18
0.00014179144895202987
-4.0456326852125327e-19
-7.710331977606597e-20
-7.68724358636427e-20
-3.0974497575842853e-18
-4.976456777221901e-20
-3.702346746955828e-19
-2.1602266354905937e-18
-1.1378141202532418e-18
-2.8196078606481525e-18
-6.710579250458655e-05
-0.00023472286495658038
1.380995104055007e-18
-6.940762820120203e-19
3.610201524593239e-18
-7.747269235222306e-05
-2.268087422076772e-18
-3.734418563238641e-18
5.730246116287963e-05
0.00022849603758582707
-1.262134338095744e-18
-6.8847371432821425e-18
-8.448704695399842e-18
-0.00013068819698091688
4.491715608971919e-19
0.0002807721627242273
1.1601282325283343e-17
-6.203326287138227e-18
3.0854190799860193e-18
3.150152032486413e-05
0.00023151736384453847
-4.098070831233198e-19
0.0007776320655274292
-3.3713373173051932e-18
-2.2575364639088065e-05
-6.451075251638965e-05
4.864009156078279e-19
2.1186965716844236e-18
2.6376932771675006e-18
-0.00024546497867535493
-6.250526322312659e-19
-0.0001020147189843739
-7.348974341986023e-18
-7.014611501778103e-18
-2.530403217474221e-18
5.7522383241050185e-05
-0.0003025206764027909
-4.0115749049082314e-18
-0.00025568259595850913
-5.042729108660623e-18
0.0001466248689962169
0.00018735207907330322
-1.2009934619413772e-18
-3.1669985070102584e-18
-1.0148461658655683e-17
0.00016044628264203815
-6.159515338694004e-18
-2.1893336282632664e-18
4.867906164929984e-05
5.3345084279465485e-05
1.5328997776929837e-18
9.42335223682212e-19
-2.4423976952001746e-18
6.0744373784531965e-05
6.514425008345702e-19
-1.3571091106565494e-18
-5.362401333949531e-19
1.3156852881471534e-18
0.0003603148129370038
-4.002454368587437e-18
-7.221285199761638e-18
-2.877720462696701e-19
-1.7241022032029906e-18
-0.00014826884877602997
-9.093035964693153e-18
-6.126014368149355e-18
-8.804800043564462e-18
7.990622871654904e-05
-0.0005251896918486477
-8.110766722600528e-19
-0.0005064413353616501
9.311613559135269e-05
7.326415741861973e-18
6.635743543501347e-18
-3.998842931450891e-19
-4.509715277846082e-06
0.0002979352593641739
-6.004174066085951e-19
0.00043925431861848607
-1.0601101870144955e-17
0.00035990468801958795
0.000412104393335891
-2.2996418622178486e-18
-1.0938468245782752e-17
-6.912389570742464e-18
0.00037191969909458817
1.8276399019131648e-18
-5.847313003010304e-05
-4.626473054884399e-18
-4.019418310903653e-18
-1.4821102503841562e-18
0.00014103550703858968
-0.00032181436861047533
-9.560873232909597e-19
-0.00016191893591347052
-1.7374717640448096e-19
2.163716525240581e-21
-5.417381173070476e-19
-0.00010906042552914949
1.1967075043226632e-18
6.37770220958038e-19
-7.799207371417038e-20
-4.334157781475722e-19
-1.8378974851212172e-20
2.4755884565880096e-19
2.762575252311762e-19
-3.012458676299636e-18
-4.110248830699142e-20
-3.256460181044802e-20
2.6988736965704793e-19
-2.88084388137719e-20
2.403509976773655e-18
9.340156072332025e-20
1.0954227417814562e-19
-1.0468713070362136e-18
2.461978766451433e-18
2.8932010934986765e-18
7.996109564264167e-20
3.385953019217122e-18
0.0004589481707713418
1.7852870409688758e-17
1.8728985812941598e-17
9.810817794532397e-18
0.0004744010850959851
0.0005551497511233935
5.82153762413807e-19
0.0006486742847691302
-5.319323796003722e-18
2.0795469545182218e-20
-3.835155797839309e-19
-7.605040827023227e-05
-4.242197478475178e-18
-6.158904573482061e-18
-6.052410023122908e-20
-8.087366967201197e-18
-4.869285647193003e-18
-1.9655024597043413e-20
-6.881259000254022e-19
-0.00013648874350293547
-3.7325721578064074e-18
-4.080819850042346e-18
-8.796435219889481e-20
-6.414363497050732e-18
3.652102746147871e-19
5.623884153551182e-19
5.562644650767713e-19
3.2709046120600684e-18
3.347780393622833e-19
4.046481528381216e-19
6.128675052265389e-19
4.860635202682682e-19
1.542010703551749e-22
4.772715378436032e-21
-1.3639630229659573e-18
-0.00026046692039668806
3.0971958143102534e-18
2.4304989676343035e-18
-1.9183644102469453e-19
-1.9474659414737712e-20
8.842050634325566e-05
-8.080627831855791e-18
-1.5177792615215202e-18
-1.160490888417638e-18
0.0003528975328456121
-0.00046315056514112396
-1.3597771281528341e-17
-1.359888831500906e-05
-4.778421105860422e-18
0.0002859796560184804
9.051571757917912e-05
-1.0230052627760137e-18
6.332731262434969e-18
-1.283879873189527e-17
0.0007043371363298214
-6.095638039452386e-18
-1.7828535607283293e-18
5.983314053444741e-05
-5.484320778953813e-06
4.7253009875756234e-18
-2.5706282434612164e-18
-7.470231173192866e-18
0.0001812729645181563
-9.957810112467325e-18
-6.112261171578552e-19
-6.307534445039253e-19
4.815903879230231e-18
0.0009393402598247973
-9.854801177214714e-18
-1.3467117855132477e-17
-8.381686081312912e-19
-1.8852054432382733e-18
0.00017590130592879468
3.894742241692449e-18
-3.778040654428415e-18
-1.1790370064374733e-17
0.0005078233456507409
-0.0006388177181655
-4.279625428251443e-18
4.538535692590164e-06
-0.0002419829686543636
-7.0479938389281e-18
-2.2391769468293075e-18
-1.1628357793457357e-17
-0.0004766992365770233
0.0003491315398270235
-3.778373833653942e-18
-0.000204433683043777
-9.796095953599818e-18
0.0004380123198832153
0.0001498361340064421
-6.924010281875066e-19
-4.656689163930986e-18
-6.237476586014627e-18
0.000981273205742986
-7.808337088300578e-18
-4.794147784170206e-05
1.3656785339573607e-18
-6.532304437992375e-18
-2.3930008527532516e-18
9.619175879883815e-05
-0.0003490204281045144
-7.426596894830704e-18
-0.00027996089303368275
-0.016285218468686663
-5.100694587403493e-16
-1.7345682284392114e-16
-1.4961059152934314e-16
-0.012466825436376503
-0.0010008163335009453
1.8494887342082001e-16
-0.01009148720019829
-3.704649890354758e-16
-0.008090845238425641
-0.00337952438535338
2.2951620481468712e-17
-3.391945062658727e-16
-2.842074897980375e-17
-0.007085195132359183
-3.301760766380191e-16
-2.1431905117779107e-16
-0.0033795243853533977
-0.0073476744133053945
-2.0540780376568004e-18
-1.5291482670630863e-16
7.704003752408614e-18
-0.003124850402553399
-9.578778874025369e-17
-1.496105915293423e-16
2.295162048146948e-17
-2.0540780376570454e-18
-0.00880560174782549
-7.700146693019814e-17
2.1728679618659718e-17
1.6277966634443356e-17
-9.345101414677424e-17
-0.012466825436376481
-3.038192219279981e-16
-1.4774485864619547e-16
-7.700146693019782e-17
-0.015222731404656785
-0.0006377544101138789
2.555702806393193e-17
-0.006648933569756093
-0.0010008163335008928
-3.947046092416679e-18
-6.657339628290639e-18
2.1728679618659364e-17
-0.0006377544101139123
-0.006171997831001723
4.381081814899202e-17
-0.0016374235159243569
1.0650604770733294e-16
-0.007085195132359205
-0.003124850402553411
1.6277966634443722e-17
3.7731109296291905e-17
5.391867099369958e-17
-0.0091187857169091
-7.266203532890406e-18
-0.01009148720019797
-2.5920159083646093e-16
-1.9550653864721069e-16
-9.345101414677369e-17
-0.006648933569756106
-0.0016374235159243207
-7.304554468842946e-17
-0.012667862106316275
6.467977528386506e-16
-0.017795831025082552
-0.002341923674705499
1.7501241096543362e-17
1.0607287374007663e-16
7.730618642400685e-17
-0.015304430632841875
2.649393706676437e-16
-0.010280092090166105
-9.36336357052867e-16
-2.954572889159862e-16
-1.0011907105929487e-16
-0.005859845871589324
-0.003002114846592822
-5.584287684503574e-16
-0.005734302643023731
-0.005773281901412785
-4.332393553650852e-16
-7.866991881009257e-16
-1.9124030516484217e-16
-0.012508731178343691
-0.005226696130846539
-3.500098315616529e-16
5.115581144329522e-05
3.598306312383403e-17
-1.8749648936544382e-16
-1.674942872857039e-16
2.5167409578753443e-17
7.442783794560037e-17
3.2056749507166117e-17
-2.1151088347790008e-16
1.7325083106296587e-18
3.9546193540211905e-16
-0.011124325526491317
-0.01043233950608184
6.348191907444428e-17
5.389158409576216e-16
3.0950318771746363e-16
-0.011549608876704706
3.4688124174472385e-17
2.3080570484476305e-16
-0.005724237825214965
-0.005274344757158546
3.2811050904182416e-17
3.372860561987818e-16
2.2041664023887668e-16
-0.007571186201272282
4.8729881493971464e-17
-0.009718605680640853
-3.2687928176320015e-16
-2.430767738276948e-16
-1.3517368095251406e-16
-0.007144642647736738
-0.005178485834470753
-5.607572912802048e-17
-0.007118663146696088
3.5582192575652967e-16
-0.011496904238789742
-0.001386721875834016
1.1990057933152191e-17
-7.03494491746686e-18
9.050054320751245e-17
-0.014357465473746344
1.690622695737616e-16
0.015991809425512996
4.622193897007888e-16
2.73131164436269e-16
8.787445126897846e-17
0.014239039884494188
-0.009269544963207985
3.88195075538946e-17
0.0018441491710713106
5.011055748392511e-16
-0.002580606771914889
-0.0031158254540087364
1.816400533974931e-17
4.634590136265691e-16
-3.222418905808225e-16
-0.001569983380765883
-1.0649909431098971e-16
1.6969241143861914e-16
0.0008860213871254903
0.0051370288403989
-4.6450047413232535e-17
1.9682127447434523e-16
-2.0673295911715141e-16
0.002033901894431127
2.427173011866941e-18
1.4112834699018852e-16
-4.901346992640928e-18
-4.6782996468965874e-17
-0.0030757132968999195
2.5967400371152854e-16
-5.2967629239906944e-17
-1.2651191947832627e-17
-1.5008047287587232e-17
0.012149098488760047
2.3760147182420213e-16
1.1046832311079052e-16
2.013409039069608e-16
0.01371120280361907
0.00017044087821818394
-4.663120382891489e-17
0.004018370968129681
-0.0008587999159991361
-1.135597714436174e-16
-1.2055075832498466e-16
2.04979462056124e-17
0.006260588009941733
-0.00843469395294581
-7.587157198599654e-17
-0.0068652444726395
-8.3221576801677e-18
-0.00042517356262784193
0.0012192718528867173
-7.655283037481823e-18
-9.787476927108607e-18
-6.575765436755016e-17
-0.002369629301650805
7.53814687229059e-17
0.006326977462404059
1.0932054961310568e-16
-5.2064552970593835e-17
-1.1669336028330184e-17
0.009737305812149622
-0.013780329483644342
4.9609975703669294e-17
0.00019720436554901527
2.8141325917873296e-17
2.9489620456035385e-18
-9.968261776004957e-17
-0.019698425664599933
2.3761363760368e-16
1.9250737195400242e-16
-1.4506085194425956e-17
1.155795155192772e-18
1.318128609371699e-18
-4.206488623889374e-18
-3.929988723940876e-18
-7.409788773160994e-16
8.887511063537324e-19
1.2195236455160826e-19
-2.883536289203568e-18
-5.43483344064072e-19
-5.0973875975991024e-17
1.4082687013466222e-18
6.440421458738931e-18
-2.6619207418890925e-16
-2.753730464679703e-17
-2.7811203186233986e-17
1.663893640150873e-18
-5.53700218145851e-17
-0.009716317588234944
-3.310816055115393e-16
-1.5552496898814829e-16
-3.251561463591262e-16
-0.005201512373144224
-0.005236943608599331
-3.8688044951851826e-17
-0.010265755810307923
1.2543894119605576e-16
1.0324174343317403e-18
-5.622021416706646e-17
-0.010603394561471125
1.9559134082510373e-16
1.7075787866470782e-16
-8.337438350874245e-18
1.1602480089727705e-16
1.0331365001780868e-16
6.060594453243095e-19
-3.996201121154341e-17
-0.0077448070401976475
1.477453491021794e-16
1.2405124352753298e-16
-5.447140959114042e-18
1.0083819005577945e-16
-6.3828205206916556e-18
-1.0213184621339918e-18
1.0256797935870163e-18
-6.089568934208607e-17
-4.597012025277294e-18
-3.578722035215147e-18
-3.4627178347220676e-18
-6.787864902756271e-18
8.608268690469224e-18
1.7095649277948737e-18
-1.0709728960674769e-16
-0.020368398694537833
2.403263100168995e-16
1.9933932176986863e-16
-1.4695398712970582e-17
-4.613064408664252e-18
-4.898583175721948e-18
0.00014196100759941756
5.647133832392504e-05
-4.045632685212426e-19
-2.15383634256459e-18
-3.0294751979571513e-18
0.0002807721627242284
5.010234691227435e-19
-3.073039682786507e-05
3.562104056105225e-18
2.2443508840117198e-18
-7.710331977605241e-20
-6.710579250458559e-05
5.730246116288097e-05
1.2357241240607629e-17
-2.2575364639086642e-05
-0.00011409557364248071
-5.0333993210613835e-18
-4.336429257033935e-18
-7.687243586366609e-20
-0.0002347228649565815
0.00022849603758582637
-5.983784844988238e-18
-6.451075251639106e-05
7.109539665814983e-19
1.6329783502397131e-18
8.640589709827993e-19
-3.065307011780807e-18
1.380995104055024e-18
-1.2621343380957352e-18
3.0854190799860073e-18
4.864009156078269e-19
5.228696429114764e-19
2.3815571874786056e-05
1.782359748593646e-05
-4.9764567772216805e-20
-4.1510948999716533e-19
-7.08518337499447e-18
3.150152032486384e-05
2.9927698678722783e-20
-2.3273147626572645e-19
0.00011476436293239341
5.578155453277589e-05
-3.7023467469557824e-19
3.9451590168415975e-18
-8.393786702657777e-18
0.00023151736384453847
1.9208371029362908e-18
-0.00010457251386358329
-5.844604770544749e-18
-2.3463202509950584e-18
-2.1602266354906138e-18
-7.747269235222413e-05
-0.0001306881969809187
3.843864428355774e-19
-0.0002454649786753644
-7.257131486753117e-18
0.0003854757453392529
0.00014179144895202917
-1.1378141202532609e-18
-3.682299555331572e-18
-5.674926756474761e-19
0.0007776320655274282
-5.252716570196516e-18
6.046491485879489e-16
-0.010280092090166086
-0.0057732819014127456
3.5983063123834043e-17
4.030058948586776e-16
2.33147720266433e-16
-0.00971860568064086
3.9675265236628093e-16
-0.017795831025082597
-9.115651636756181e-16
-4.890461163342704e-16
-1.874964893654435e-16
-0.011124325526491315
-0.0057242378252149685
-3.351094145198488e-16
-0.011496904238789707
-0.0023419236747054917
-2.434522150824195e-16
-7.771442600408568e-16
-1.6749428728570426e-16
-0.010432339506081852
-0.00527434475715859
-2.6336927325691555e-16
-0.0013867218758340976
1.7501241096543818e-17
-1.0011907105929476e-16
-1.9124030516484195e-16
2.677827217317169e-17
6.348191907444413e-17
3.281105090418277e-17
-1.3517368095251416e-16
1.1990057933153375e-17
1.2115264466999123e-16
-0.005859845871589296
-0.012508731178343696
7.442783794560046e-17
5.36666449234623e-16
3.3961831131711184e-16
-0.007144642647736758
3.753184506392716e-17
1.0292828201008079e-16
-0.003002114846592803
-0.00522669613084652
3.2056749507166037e-17
3.0280969490437255e-16
2.2313548857501294e-16
-0.005178485834470755
8.490006609778121e-17
-0.015304430632841903
-5.092798066360051e-16
-3.770022298523026e-16
-2.1151088347789944e-16
-0.011549608876704679
-0.007571186201272242
-9.772732542413822e-17
-0.014357465473746263
2.815743183806977e-16
-0.005734302643023765
5.115581144327379e-05
1.7325083106294948e-18
2.284458746681846e-17
4.344538461027566e-17
-0.007118663146696056
1.3297266999105962e-16
-0.020849703199217497
5.560657228105082e-16
-1.5636492254135272e-16
-2.223838611724017e-16
-0.014597078013040506
-0.005825668266877036
6.238643772325586e-16
-0.0034210296363923146
5.614128681140937e-16
-0.04333674841449931
-0.017790185116895507
1.0576985356198886e-16
8.030338403432995e-17
2.4862622070671273e-16
-0.02557009263589043
3.308516020090188e-18
-1.7838661170073645e-16
-0.017790185116895545
-0.027787454342169386
1.440899353197667e-16
-2.7937773763233776e-16
8.638515937337394e-17
-0.010378075384617946
-1.5878604065426144e-17
-2.223838611724021e-16
1.0576985356198816e-16
1.440899353197664e-16
-0.0032259509398138682
-3.111457903465406e-16
-1.3275356471170865e-16
6.51090554083389e-17
-8.709157504542991e-18
-0.014597078013040521
4.0532106378855343e-17
-2.7796070542314593e-16
-3.111457903465406e-16
-0.023403143657989563
-0.00890138924768098
1.6235320899839968e-16
0.0005690003812709002
-0.005825668266877042
2.1515499375211828e-16
7.421916338049085e-17
-1.327535647117085e-16
-0.008901389247680977
-0.006670135726796447
2.585284026826519e-16
-0.0011356355876698042
6.339869237022455e-16
-0.02557009263589032
-0.010378075384617989
6.510905540833899e-17
1.3870581909266116e-16
2.352448785291195e-16
-0.027639463496258763
1.83616869118571e-16
-0.003421029636392317
3.1776520816494814e-17
-2.6487096613662226e-17
-8.709157504542694e-18
0.0005690003812709129
-0.0011356355876697886
1.7087268746212466e-16
-0.005256081602481295
-1.0729368296962002e-15
0.014309684074801283
0.010487741145083577
-5.871452584250498e-17
-8.159452537121125e-16
2.4978447694869605e-16
0.003419074000290736
4.092189098670289e-17
0.02273857481500515
4.665502613947967e-16
2.756044701728822e-16
6.953436867234953e-17
0.019181765779022215
-0.01654668012393933
7.016162985377709e-17
-0.0018124271847668137
0.010209549487471279
4.293849061905188e-16
8.528168889210146e-16
1.6871506762226485e-16
0.01450754052391825
0.0007351077152321292
1.8440681956371543e-16
0.0003366228317082644
-5.846152375499792e-17
1.4956763306834918e-16
2.4452946088905383e-16
1.725395654775732e-17
-8.772116848474687e-17
2.275547713400809e-19
5.453122400624228e-17
-1.3152817450102556e-19
-6.550192182937533e-16
0.013794910837801865
0.017195300309418685
-9.982713949285102e-17
-8.730171595751423e-16
-3.963269743444406e-16
0.007841928579327173
2.0643972752070775e-17
-1.7726925950629907e-16
-0.0007461261368723333
0.005566380991413587
-3.073316024684891e-17
-5.186285433586508e-16
5.558277966206439e-18
-0.0038124285774410473
8.227516764703194e-17
0.010336212628307084
1.6630948802945026e-16
1.2130901395508239e-16
3.914919691558609e-17
0.017394147522461215
-0.017478525001043133
1.603475041007342e-17
-0.004173880386080159
-4.2177940836386963e-19
-0.0021590555726708855
-0.0021533429882686804
1.374738236462984e-17
2.8332317906443587e-18
1.9709122147699316e-16
-0.003227880994255333
6.85353097076905e-17
2.092893305241142e-18
2.055494787021835e-17
1.2822664470865774e-17
6.57075961039991e-16
-2.1336984341571945e-18
1.6583418263683063e-20
4.823396181253401e-18
-6.09083356004155e-19
3.6324467382269777e-17
5.5180501870736325e-18
-1.2434661886025969e-16
-0.025352516266508217
3.019573955258991e-16
2.3174935029574374e-16
-2.0425780467813288e-17
-7.180447185328449e-18
1.413414466039191e-17
-3.343204531551426e-17
-2.7037268533337047e-17
-0.003656935029055675
5.953111279469721e-17
3.8425409503057754e-17
-4.4900252480567346e-17
-1.6592972000079178e-18
1.8933200459653122e-16
-0.006500769859101495
-0.0011539132850414953
3.704470554487751e-17
3.470896277176295e-17
6.044119707498022e-17
-0.00756605989233117
8.460723776909692e-17
-7.37328763846355e-20
9.18134911366648e-17
3.5845503591520126e-17
6.37951724426347e-17
-3.332291551756066e-18
-8.257401252882319e-19
9.421920562988325e-17
5.275480398072441e-19
5.446928131889403e-19
6.675547519173298e-17
1.7499000348002798e-17
1.7228531915770818e-16
-1.0351413542920461e-18
-1.0609171739157234e-18
7.483344796977593e-17
1.5744414061668838e-19
1.7359568845132725e-17
-2.454364398331351e-18
-1.4076616364545573e-16
-0.026307803762104554
3.2016226930102974e-16
2.5686471543637585e-16
-2.4840576221800612e-17
-1.1870943997521424e-17
-8.239441507846538e-19
-5.4742771140988005e-18
-3.1604766059896724e-18
2.3689033082524147e-16
3.0573905515877253e-19
4.768608349844962e-20
-6.5670686200676245e-18
-1.7448890848692398e-18
-0.00010201471898437544
-5.735794784409557e-18
-1.2907161646635957e-18
-1.35710911065655e-18
-0.00014826884877603008
9.31161355913537e-05
-9.896103873229851e-18
-5.847313003009876e-05
-6.86758918812763e-18
0.00014662486899621647
4.867906164929977e-05
-5.362401333949291e-19
-8.286027165614923e-18
8.292154861440525e-18
0.00035990468801958865
-1.970649054112145e-18
-7.532968420315891e-18
0.00018735207907330458
5.334508427946498e-05
1.3156852881471466e-18
-6.4172499139644896e-18
5.857706768506916e-18
0.00041210439333589033
-6.948620357625219e-18
-2.5304032174742145e-18
-1.2009934619413736e-18
1.5328997776929822e-18
0.00036031481293700393
-8.804800043564447e-18
-3.9988429314507143e-19
-2.299641862217855e-18
-1.4821102503841439e-18
5.7522383241047176e-05
-2.5040771918730538e-18
6.174494315841325e-19
-4.00245436858744e-18
7.990622871654915e-05
-4.509715277846368e-06
-1.1000841585586941e-17
0.0001410355070385922
-0.0003025206764027876
-9.435888245859715e-18
-3.1613704222692842e-18
-7.22128519976161e-18
-0.0005251896918486466
0.0002979352593641759
-8.143569054970481e-18
-0.0003218143686104788
-4.3279584259624264e-18
0.00016044628264203886
6.0744373784532094e-05
-2.8777204626969092e-19
-1.595035163376912e-18
-1.4133223139518602e-18
0.0003719196990945885
-4.033373627201289e-18
-0.0002556825959585104
-4.649565070705276e-18
-8.96464801665048e-19
-1.7241022032029902e-18
-0.0005064413353616514
0.0004392543186184846
5.057622759160084e-19
-0.0001619189359134688
0.015991809425512985
5.342922275056617e-16
1.5165869730539454e-16
1.411283469901891e-16
0.012149098488760071
-0.0008587999159991309
-2.1716100438501287e-17
0.006326977462403991
4.464186983303748e-16
-0.0025806067719148593
0.0008860213871254904
-4.901346992641355e-18
2.281575399883091e-16
-1.4460085789176636e-16
-0.00042517356262784724
9.845167514987154e-17
2.633018862635979e-16
-0.0031158254540087768
0.005137028840398906
-4.678299646896586e-17
1.0384200562468378e-16
-1.0247880341821596e-16
0.001219271852886747
-2.7536140931874828e-17
8.78744512689779e-17
1.8164005339749766e-17
-4.645004741323252e-17
-0.003075713296899919
2.0134090390696115e-16
2.0497946205612236e-17
-7.65528303748207e-18
-1.1669336028330478e-17
0.014239039884494155
4.3232244897410463e-16
2.1351933896766924e-16
2.596740037115285e-16
0.013711202803619097
0.006260588009941723
1.8155551478430728e-17
0.009737305812149617
-0.009269544963208
-2.8443891927470136e-16
-2.271128185144761e-16
-5.2967629239906186e-17
0.000170440878218194
-0.008434693952945797
-1.0205001591523086e-16
-0.013780329483644322
5.2957558243246716e-17
-0.0015699833807659009
0.002033901894431126
-1.2651191947832356e-17
-4.2563241288073814e-17
-5.714235724890263e-17
-0.0023696293016508014
4.630728158338157e-17
0.0018441491710713233
-5.481648716948849e-17
9.860025144812096e-18
-1.500804728758759e-17
0.004018370968129688
-0.006865244472639514
5.82161505977263e-17
0.00019720436554907403
-1.0745041772626979e-15
0.022738574815005134
0.0102095494874713
-5.846152375499845e-17
-6.73478272203899e-16
-1.9450336673986733e-16
0.010336212628307057
1.0529633257994371e-17
0.014309684074801288
4.888334085306395e-16
4.465754563566364e-16
1.4956763306834893e-16
0.013794910837801858
-0.0007461261368723388
1.3510750188171584e-16
-0.0021590555726708686
0.010487741145083582
2.5047596148640876e-16
8.271713585188259e-16
2.44529460889054e-16
0.017195300309418675
0.005566380991413582
1.344223939720184e-16
-0.0021533429882686873
-5.871452584250529e-17
6.953436867235038e-17
1.6871506762226482e-16
1.6982825375141004e-17
-9.982713949285122e-17
-3.0733160246849116e-17
3.91491969155856e-17
1.3747382364630324e-17
-8.221556510044399e-16
0.019181765779022204
0.014507540523918278
-8.772116848474735e-17
-8.930277489949581e-16
-5.302151192849858e-16
0.017394147522461177
2.4680927804899018e-17
2.1492380270327632e-16
-0.0165466801239393
0.000735107715232107
2.2755477133991347e-19
-4.0731662356005264e-16
-7.70310025539166e-18
-0.017478525001043067
2.2370602818078505e-16
0.0034190740002907334
5.897601217817421e-17
1.7316677954919883e-16
5.453122400624239e-17
0.007841928579327175
-0.0038124285774410504
3.111506739306336e-17
-0.003227880994255341
7.131206113584701e-17
-0.0018124271847668701
0.0003366228317082967
-1.315281745009375e-19
2.3257333519326114e-17
9.525515376664004e-17
-0.004173880386080143
2.303595628655264e-17
-0.022465059013005263
2.7880126325547023e-16
3.253681143418528e-16
-1.0069446274811497e-16
-0.015050728598487965
0.007864771704746129
1.2965394612537622e-16
-0.0021921834691327373
3.00682979965865e-16
-0.017745083345798822
-0.013900013890982865
7.920880788204169e-17
2.5104191172079523e-16
2.851438703258434e-16
-0.005676654364642645
-1.6770238708914552e-16
3.177086491120352e-16
-0.013900013890982874
-0.016812836917261643
6.454894550441796e-17
4.2099659438770945e-16
1.2021136732466825e-16
-0.0040563725563907286
-7.738961110012139e-17
-1.0069446274811569e-16
7.920880788204174e-17
6.454894550441809e-17
-0.005921136941318987
-1.6822308065875724e-17
-5.4782989003445544e-17
2.128498992179304e-17
-3.9587778487977125e-17
-0.015050728598487998
2.474622085192384e-16
4.0641001790703944e-16
-1.6822308065875752e-17
-0.022232515840210302
0.01822657707983494
1.227768793524039e-16
0.0031159384336995467
0.007864771704746077
2.934268048521689e-16
1.3090243936966956e-16
-5.478298900344572e-17
0.018226577079834945
-0.03451920569867136
1.0539307134860457e-16
-0.007714204521803019
1.2620342913493134e-16
-0.005676654364642642
-0.004056372556390734
2.1284989921793053e-17
1.1859656424735683e-16
1.1306894741136711e-16
-0.005212873182359895
-4.3114355657878918e-19
-0.0021921834691327477
-1.3325167659280842e-16
-1.0501923297544896e-16
-3.9587778487977705e-17
0.003115938433699508
-0.0077142045218030406
-1.712647630257122e-17
-0.0066639424740855754
-1.4499116056265194e-17
-3.6306536150095735e-18
5.968630621241247e-17
0.012200004815247611
-1.4401039657161346e-16
-1.0436260151448308e-16
1.0343561889981899e-17
8.612141803012722e-18
-3.1901404603922734e-18
-1.8882051119134082e-17
-1.4639555416995152e-17
1.285628760636359e-16
4.936612101110241e-19
-3.149712519172264e-19
-3.4497136737639402e-18
-5.359603959537022e-19
1.8648488004429094e-18
-1.7068480399126426e-17
-1.9165807237189657e-17
-7.429002681445347e-17
2.414778901738544e-17
-5.086516060745335e-17
-5.997416161013163e-18
-1.5768015389384287e-17
0.0005693400272762522
-6.304011816029637e-17
-8.585225146212017e-17
-7.753887243707507e-17
0.004092625239657102
-0.009586758040444033
-4.7443553191160604e-18
-0.0027438034430535764
-2.099721382119536e-17
-2.4265794674177973e-18
1.0411219130783929e-16
0.019730626190660523
-2.863245452617632e-16
-7.601065404945985e-17
1.450621418460486e-17
3.900290227376749e-17
1.3157340984663256e-17
2.396755328546613e-18
-1.4516147777262444e-16
-0.028291033623151468
2.9714247222240343e-16
3.605458962951946e-16
-2.0221480651865068e-17
1.6125276705992957e-17
7.44134400189143e-19
-3.849470220196172e-18
-6.373704253712561e-18
1.4033583217071847e-17
2.8475785092806834e-18
-5.817270215130137e-18
-7.102238552452154e-19
-1.737022356684715e-18
7.38449439591463e-18
5.214690895662326e-19
-2.605870370211393e-17
-0.005000298455932725
6.088375371041982e-17
4.29959941230035e-17
-3.262802415866279e-18
8.789148859375145e-18
-1.7374717640448026e-19
-1.8378974851210297e-20
2.403509976773653e-18
0.00045894817077134177
-5.3193237960037235e-18
-4.8692856471929994e-18
3.65210274614786e-19
1.5420107035548944e-22
2.1637165252399368e-21
2.4755884565879966e-19
9.340156072332164e-20
1.7738289725535778e-17
2.079546954518854e-20
-1.965502459704134e-20
5.6238841535511925e-19
4.772715378440726e-21
-5.41738117307034e-19
2.762575252311995e-19
1.0954227417813791e-19
1.8687686547628418e-17
-3.835155797839261e-19
-6.881259000254047e-19
5.562644650767526e-19
-1.3639630229660214e-18
-0.00010906042552914614
-4.698525333806022e-19
-2.1173372776173314e-18
9.810817794532425e-18
-7.605040827023055e-05
-0.00013648874350293447
8.988727311596393e-19
-0.00026046692039669565
1.1967075043226528e-18
-4.1102488307021746e-20
2.461978766451439e-18
0.00047440108509598505
-4.242197478475206e-18
-3.732572157806426e-18
3.3477803936231e-19
3.097195814310272e-18
6.377702209580229e-19
-3.2564601810471624e-20
2.8932010934986888e-18
0.000555149751123394
-6.158904573482088e-18
-4.0808198500423615e-18
4.0464815283814474e-19
2.4304989676343505e-18
-7.799207371416671e-20
2.6988736965705034e-19
7.996109564264023e-20
6.105131531753784e-19
-6.052410023123118e-20
-8.796435219889734e-20
6.128675052265362e-19
-1.9183644102471034e-19
-4.3341577814757385e-19
-2.880843881377797e-20
3.385953019217123e-18
0.0006486742847691293
-8.087366967201196e-18
-6.414363497050748e-18
4.860635202682711e-19
-1.9474659414737965e-20
2.8141325917873395e-17
1.3181286093716107e-18
-5.097387597599107e-17
-0.00971631758823496
1.2543894119605586e-16
1.0331365001780866e-16
-6.3828205206916494e-18
8.608268690469126e-18
2.9489620456035662e-18
-4.20648862388941e-18
1.4082687013466186e-18
-3.2946170613655344e-16
1.0324174343316465e-18
6.060594453242488e-19
-1.0213184621339756e-18
1.7095649277947949e-18
-9.968261776004949e-17
-3.929988723940979e-18
6.440421458739004e-18
-1.5553484297948176e-16
-5.622021416706641e-17
-3.996201121154334e-17
1.0256797935870837e-18
-1.0709728960674695e-16
-0.0196984256645999
-7.483245706388388e-16
-2.5644140564702714e-16
-3.2515614635912643e-16
-0.010603394561471136
-0.007744807040197644
-5.612709408962139e-17
-0.020368398694537732
2.3761363760367936e-16
8.887511063541237e-19
-2.7537304646797182e-17
-0.0052015123731442205
1.9559134082510388e-16
1.4774534910217956e-16
-4.597012025277486e-18
2.403263100168993e-16
1.9250737195400233e-16
1.219523645519115e-19
-2.7811203186234004e-17
-0.00523694360859933
1.7075787866470792e-16
1.2405124352753293e-16
-3.578722035215304e-18
1.99339321769867e-16
-1.4506085194425983e-17
-2.8835362892035652e-18
1.6638936401508927e-18
-3.8487907591525804e-17
-8.337438350874225e-18
-5.447140959114038e-18
-3.4627178347220803e-18
-1.4695398712970478e-17
1.1557951551927382e-18
-5.434833440639325e-19
-5.5370021814584856e-17
-0.010265755810307876
1.1602480089727666e-16
1.0083819005577917e-16
-6.787864902756296e-18
-4.613064408664164e-18
2.092893305241059e-18
3.632446738226972e-17
1.413414466039194e-17
1.8773325671684401e-16
-7.373287638459683e-20
5.4469281318892365e-19
1.735956884513276e-17
-8.239441507846008e-19
2.0554947870218317e-17
5.5180501870737496e-18
-3.343204531551427e-17
-0.006500769859101495
9.181349113666483e-17
6.675547519173299e-17
-2.4543643983314215e-18
-5.474277114098751e-18
1.2822664470865693e-17
-1.2434661886026023e-16
-2.7037268533337685e-17
-0.0011539132850414968
3.584550359152034e-17
1.749900034800291e-17
-1.407661636454552e-16
-3.1604766059896785e-18
6.406968793771847e-16
-0.025352516266508283
-0.0036569350290557704
3.704470554487833e-17
9.855863248290426e-17
1.8812828537585556e-16
-0.0263078037621045
2.3586569779763117e-16
-2.133698434157135e-18
3.019573955258999e-16
5.953111279469797e-17
3.57413848529856e-17
-3.3322915517563384e-18
-1.0351413542921719e-18
3.2016226930102895e-16
3.057390551588134e-19
1.658341826382258e-20
2.317493502957444e-16
3.842540950305831e-17
6.101776133934968e-17
-8.257401252885097e-19
-1.060917173915857e-18
2.568647154363753e-16
4.7686083498407194e-20
4.823396181253412e-18
-2.04257804678134e-17
-4.490025248056741e-17
-0.00756605989233117
9.421920562988332e-17
7.483344796977593e-17
-2.4840576221800547e-17
-6.567068620067656e-18
-6.09083356004114e-19
-7.180447185328446e-18
-1.6592972000079547e-18
8.579412866103778e-17
5.275480398072224e-19
1.574441406167002e-19
-1.1870943997521477e-17
-1.744889084869271e-18
-1.4499116056265185e-17
-3.190140460392285e-18
1.8648488004428747e-18
0.0005693400272762482
-2.0997213821195382e-17
1.3157340984663222e-17
7.441344001891483e-19
7.38449439591474e-18
-3.630653615009595e-18
-1.8882051119134113e-17
-1.706848039912632e-17
-5.106346788909497e-17
-2.4265794674178674e-18
2.3967553285464194e-18
-3.849470220196149e-18
5.214690895662633e-19
5.968630621241238e-17
-1.463955541699515e-17
-1.9165807237189617e-17
-8.943126263825679e-17
1.0411219130783936e-16
-1.4516147777262417e-16
-6.373704253712571e-18
-2.6058703702113657e-17
0.012200004815247596
1.3047345167254343e-16
-6.873133120136208e-17
-7.753887243707447e-17
0.019730626190660544
-0.028291033623151468
1.3277064909024964e-17
-0.005000298455932697
-1.4401039657161364e-16
4.936612101110534e-19
2.4147789017385192e-17
0.0040926252396571
-2.863245452617635e-16
2.9714247222240343e-16
2.8475785092806484e-18
6.088375371041975e-17
-1.0436260151448304e-16
-3.1497125191725516e-19
-5.086516060745347e-17
-0.00958675804044404
-7.601065404945977e-17
3.605458962951943e-16
-5.8172702151301256e-18
4.299599412300317e-17
1.0343561889981902e-17
-3.449713673763921e-18
-5.9974161610131984e-18
-9.22296019606829e-18
1.450621418460485e-17
-2.022148065186498e-17
-7.102238552452279e-19
-3.262802415866286e-18
8.612141803012782e-18
-5.359603959535817e-19
-1.5768015389384277e-17
-0.002743803443053575
3.900290227376745e-17
1.6125276705993114e-17
-1.737022356684776e-18
8.789148859374985e-18
-0.01364348402374204
-2.7914207741705424e-16
-1.428453161284441e-16
-9.27235759418186e-17
-0.006956810477081485
-0.003547416165065228
7.387001515110845e-17
-0.006071169516937466
-2.788621778382318e-16
-0.004663421079477347
-0.0017554919709304934
1.5465295960769685e-17
-1.8130354290144213e-16
-1.1705393414379483e-16
-0.0035301974523066215
-2.0271314507276342e-16
-1.459091193889526e-16
-0.001755491970930497
-0.0011689568823894552
-2.732912922336139e-16
-1.7371131966769994e-16
-1.359892336714031e-16
4.1515139289740235e-05
5.4847149321699056e-17
-9.272357594181854e-17
1.546529596076986e-17
-2.732912922336138e-16
-0.05353209719035117
5.386906503939037e-16
4.2422520935336353e-16
-3.5413848193406076e-17
-4.811661046686535e-17
-0.006956810477081485
-1.7807511533927544e-16
-1.7391322823231196e-16
5.386906503939042e-16
-0.006817897226136685
-0.0010466167365076838
1.9111961919359376e-17
0.00019794422698809038
-0.0035474161650652244
-1.0932676541423096e-16
-1.3676718433948708e-16
4.2422520935336393e-16
-0.001046616736507683
-0.007009627467794772
9.549323513762714e-18
-0.002333322694981854
7.45832428229395e-17
-0.0035301974523066263
4.151513928974117e-05
-3.5413848193405996e-17
2.0343704899555268e-17
1.1295760070689344e-17
-0.0047511174760166315
-2.986152585224665e-17
-0.0060711695169374386
-1.9374330667141183e-16
5.195981610106524e-17
-4.8116610466865306e-17
0.0001979442269880908
-0.0023333226949818512
-2.9928006455551146e-17
-0.012760119686035814
