-5.420159315969861e-19
1.5501369616929e-18
1.1365555486721486e-11
-6.807400151222668e-05
-3.705357122574551e-12
2.856166491363334e-18
2.964750897469681e-18
0.00036991971302775394
2.292077911939739e-17
1.8667676439756652e-18
-1.4344927332863957e-11
-5.033423781319653e-19
1.0887818995685992e-19
-3.925735009289841e-19
2.081084034753425e-19
-2.5045456916046907e-19
-4.286531872218803e-18
0.00010947603724764333
-1.2605512552409662e-19
-1.156226900597677e-18
7.180363679285991e-13
4.400452659006657e-20
6.229278875264276e-18
-0.00023186478384550286
-3.1892067079361635e-12
7.690887079705751e-05
-5.1411563247892347e-17
-9.961358132326916e-17
1.815599779995993e-11
-2.64820431172434e-18
3.6501189596172817e-19
0.00029288331304943357
2.1176079872405702e-18
4.802603312644668e-19
-4.804450205381407e-19
-3.009236368579637e-18
-5.24327024652571e-19
-8.014657953163067e-20
5.378453200010722e-12
-2.6503818359643595e-19
3.5070007316485874e-19
-1.4584589954284011e-05
9.454320439348052e-17
8.649189826553698e-17
-2.1297422303047438e-14
0.003107864151881872
-5.4825337723805135e-12
-1.4037993324674627e-16
-9.378866251691554e-17
-0.0019319565407950189
-9.127681615478745e-17
1.6417854939029296e-18
-3.2733741897997047e-13
-2.134559082782639e-17
-6.902089164784641e-18
3.307662676570991e-20
-1.0913361844716137e-17
7.962141146889381e-18
-9.430702492242431e-17
0.0054895741993389235
-3.282041554757124e-17
-2.5243218434528217e-17
2.010524374467667e-13
-4.5081416674817857e-17
3.774476471562333e-17
-0.016530401686405908
-2.4115637300833338e-11
-0.01197470136349317
7.825354820229738e-15
1.5056807829794994e-14
-2.1598110265256644e-12
1.1367448011369087e-16
-3.321093039583069e-17
0.002224148471870143
2.555826200276672e-17
2.816681049875956e-17
-1.2467556317989681e-17
-8.160177281418619e-17
-3.509526770160303e-18
-3.7961307301523154e-17
7.396123428037648e-13
-7.242649184590504e-18
-1.0265306938361527e-17
0.0006545285314501243
-5.208993367027501e-16
-1.6663445023430674e-17
4.277404215416456e-12
0.0028133401445314355
-4.329883177750672e-12
-6.308060880286584e-17
1.004999303473546e-16
0.005938123438097413
3.4416688922272307e-16
8.333552559989388e-17
-4.16430499191616e-13
4.088600544899836e-17
1.2893652196174678e-17
5.085276734060771e-19
2.3014217991866384e-17
3.2986572073015595e-19
3.870931509787439e-17
0.006738029337236173
-4.2055073441999045e-17
-3.151340500474544e-17
7.407750859682581e-14
8.233483002140037e-12
-6.486865663783685e-13
1.953397237116685e-16
1.480580821952302e-15
1.8422649671530027e-14
0.03494867863007851
-0.0035332657273106985
1.5713602597691787e-18
3.8471044181304465e-13
-7.301104852551918e-12
1.2273573802713865e-17
0.00038981506757294367
0.014899227823753894
7.887419810484635e-18
4.229755737201733e-17
9.228305177994383e-18
1.75022572150005e-17
1.2614720363576826e-17
-6.732106724783402e-14
1.5706636181116593e-13
-4.224895452200755e-18
6.461736533142725e-13
8.224163333055856e-12
-1.535796633435474e-16
1.2243201598748176e-15
4.6366624261502446e-14
0.00353326572731063
0.034948678630078465
-7.97591705540252e-17
7.299636226288999e-12
3.8504954416954364e-13
7.975306728382591e-17
0.014899227823753945
-0.00038981506757298584
5.567416110702783e-19
-3.432246324014908e-17
1.3942085793725708e-17
-1.0481863010982233e-17
-1.0177085100777439e-17
1.5694008117343882e-13
6.72668044495489e-14
4.339496111302101e-17
