2.394556855060982e-18
-1.6559938890537092e-19
-5.7799035039428594e-15
-2.2918839028813898e-14
-1.3949241323468867e-18
7.738120259530341e-18
0.0004141376818944626
-6.406867951663596e-18
-1.2680652244844481e-18
0.0002205591312015064
-2.5982944577527202e-14
-1.3953810402521355e-18
-1.558482890885309e-19
7.304782257062215e-05
1.5503004457924115e-18
-3.9059642693154795e-19
3.160010532464307e-17
-7.983492883225361e-17
3.1882337339094075e-18
2.2905161997154444e-18
-5.267475819236535e-15
9.146860546524525e-19
1.9777229857754256e-18
6.826293807341938e-05
0.0002692904117890247
2.385272101104913e-18
-2.4790176080708294e-18
3.5226693921599407e-14
-5.852713352662536e-19
-1.003234835301297e-19
1.8724280790929886e-14
0.0003065229142885635
-1.3841560316781235e-18
-1.812487405025694e-18
6.243488389562751e-15
-3.104558475204763e-17
-7.010979340394534e-17
-1.570997117416545e-19
1.3403080641574926e-19
8.556320059171357e-21
-4.744947697903557e-19
6.244462860709933e-05
-4.3900440486359208e-16
1.122304439144567e-17
-4.31128255944704e-15
2.0509915345193778e-15
-1.7447306523475357e-18
-1.4493852423398738e-16
-0.006763234508658779
1.8100772415930148e-17
-3.557137700845814e-17
0.003938049298638239
-1.927817300751462e-15
-4.668701349223298e-17
-3.163250743171221e-17
0.004596592531397224
-4.26197796431311e-18
-3.558831041133729e-17
3.890360955709271e-16
-9.795762041773233e-16
6.7643741595828e-17
2.045756931017183e-17
9.28989985008937e-17
-7.441101507539957e-17
-3.061235160031256e-17
0.03632304131751056
-0.008912836599092193
-7.875628866048153e-17
3.1307025456433143e-16
-4.654473175635584e-15
5.427770944876139e-17
-1.5185157915929843e-17
-9.489053676280695e-16
0.0002899899764508572
-6.526816981518755e-17
-7.19443651814717e-17
3.3109973935027635e-16
-1.4495721241252556e-16
-3.1196272412327197e-16
-1.6751966547950735e-18
-6.637590609891675e-19
-2.7705960371096565e-18
-3.2282497554426385e-19
0.0008160612640679585
5.19281450461945e-15
-1.648712862863131e-15
3.818511996220183e-14
-8.924431040214676e-15
-1.8723649045327094e-17
2.4463800639962145e-16
0.0023830717207861405
3.378987984412379e-16
2.629465519107534e-16
-0.026259121417505284
9.138483820024718e-17
1.9076613939834422e-16
7.612449931436579e-17
-0.017276121373810748
3.2710103725989508e-18
1.0944710181398285e-16
-5.709704186154966e-17
1.3380529705880073e-16
-6.538467460643446e-17
1.3959921805575539e-18
2.5827902271972337e-18
-8.588243192732047e-14
1.2362420181349008e-13
-4.3949213830856175e-16
-5.3611422872547507e-17
0.05762494979949654
0.02397171238930403
-2.422342049000699e-16
-3.2684874959477896e-15
-1.6052486393525726e-14
2.9014602485665166e-16
-1.5410863230708525e-16
-0.007614373964381387
0.004824111386629679
5.003484597910922e-18
4.3190021023656276e-18
3.884362954520074e-17
-9.334950141926267e-18
1.7172305456288504e-17
-5.977825371328508e-17
1.0087341950208801e-15
1.005878042363709e-17
-2.8940393269688735e-14
-1.209718742148229e-13
-4.008286838743344e-15
1.4702610324273958e-15
-0.023971712389304456
0.057624949799496686
-1.0709848939725868e-15
-4.0197425488581495e-15
1.2230932482266646e-14
2.665885608096057e-16
-3.4600725419266074e-16
-0.00482411138662977
-0.007614373964381458
1.3548581882100647e-17
-2.8428619445535895e-18
-7.815434759093272e-18
-3.1320107581053067e-18
2.1546165777709478e-17
-3.1647912672730564e-16
-6.800026545505911e-16
-8.833149713317337e-18
