-5.4239840853694514e-05
-5.970361539531123e-19
-1.6580398003934571e-18
-3.7095338328656013e-19
-2.719975813343176e-05
-0.00010691768057400523
2.1167499939763112e-18
-0.0001410302620849361
-0.003300837825776137
-5.230712584145989e-17
-6.297091735038401e-18
-2.056762536302838e-17
0.0013839354825203912
-0.004247964094275408
3.092056922733467e-17
0.0011363388099344866
2.0262571619922155e-16
-0.007032531213676154
-0.00334871659013618
4.807267328269411e-18
4.23702583633565e-17
1.3275854191622255e-16
0.007743374613354859
1.3397720951208108e-17
0.009680160929766318
3.641886600409621e-17
1.3674102450405182e-17
-2.9898791867167183e-18
0.0009997630373806054
0.0006981224669936525
2.941386937466994e-17
-0.005214459732945704
-8.449691756876492e-18
-1.0159225721353508e-17
-6.850804350412872e-18
-0.005086581935721829
-4.1091765096312876e-19
1.585663288288281e-17
-5.216178855707983e-18
-1.7561432956177206e-18
