-0.00023191071483877538
-2.236710046902838e-18
-4.141927381500311e-18
8.846136900817577e-19
-0.0003482729370534062
2.8728258203939956e-05
1.0153967833349578e-17
-0.0004498757654314864
-2.487738116584943e-18
-0.00015928224496566178
-4.771192751936099e-05
1.940126070504744e-19
-7.656853351726398e-18
-3.878384093742486e-18
-0.00046667705840565556
-9.793805611854679e-18
-3.9443418533174e-18
-4.771192751936093e-05
8.76336205329877e-06
-2.1864945929083923e-18
-4.608220635874288e-18
-6.415129340737386e-18
-0.0001639061794025433
-1.1293489541430062e-17
8.846136900817571e-19
1.940126070504751e-19
-2.1864945929083934e-18
-0.0010104733970924286
2.4161780607764247e-18
2.535471993103548e-18
4.418341543485383e-19
1.0671341280622989e-19
-0.0003482729370534064
-7.657285324555011e-18
-4.597170969991641e-18
2.4161780607764247e-18
-0.0006331905963263748
0.00038584209170184757
-1.833204134572669e-18
-0.00046185834063054357
2.872825820394052e-05
-3.80644590004766e-18
-6.524927425781557e-18
2.535471993103548e-18
0.0003858420917018476
-0.0007537604970440872
-2.4385343220925637e-18
-0.0003257406168700102
1.0144207841286465e-17
-0.00046667705840565524
-0.0001639061794025433
4.41834154348538e-19
-1.8068430115663923e-18
-2.435786953555986e-18
-0.0011404463308240815
5.747822514662383e-18
-0.00044987576543148374
-9.78607724280643e-18
-1.1398599578132767e-17
1.0671341280622936e-19
-0.0004618583406305432
-0.00032574061687000856
5.7903481764520225e-18
-0.0009408727612900579
8.815818947341014e-05
-3.605096414202088e-18
-1.7983365663334725e-18
-8.4815704693647e-19
0.00017765117140397594
-0.00024323753556862706
-5.4886836400264494e-18
-4.903227534694872e-05
-4.3735410719109445e-18
0.0002864419079630305
5.966279750510289e-05
-2.365845035802605e-19
4.692381313774305e-18
7.303991996888157e-19
0.00044068135757822127
5.489551759400356e-18
-2.6415607714890716e-18
9.037913577268671e-05
-7.051769272194506e-06
2.0154276372165575e-18
-1.5546243922320175e-18
-8.752559126403506e-19
0.00015155635251818523
-5.798046971269614e-18
-1.0053789655051758e-18
-3.4173250483418788e-19
1.945971021563423e-18
0.0009405007273432662
-2.1172652418669884e-18
-2.840009241403715e-18
-3.828364096217254e-19
5.278343146395122e-19
0.0003546231955430914
6.8746962983978984e-18
1.5478950445745606e-18
-2.0771397745421177e-18
0.0005088485463768053
-0.00047815690083226965
4.0775745806007505e-18
9.793821229069606e-05
-0.0004645628546328515
-3.2051918151011455e-18
-1.3755911919953587e-18
-3.0185046780750536e-18
-0.0006397417079110166
0.00034918875113202746
8.517411014013388e-18
-0.000351344304535688
-8.671426732874557e-18
0.0007111863539658578
0.00018402796167694808
-4.913235235689439e-19
5.357811423733495e-18
7.360188761738417e-18
0.000984306210483947
4.986084733245941e-18
-1.4345121708847743e-05
-2.355674007697894e-18
-9.193510850127388e-19
-3.1802934596218533e-19
7.323125148046367e-06
-0.0002073077574896612
5.915851467571364e-18
-0.0002824050127543388
-2.7863006217403746e-18
-2.7158890780065697e-05
-0.0001125152741541993
3.3037813500681e-19
3.9800401086971306e-19
-1.71538755542605e-18
-0.00010380024245003428
-6.59159748703042e-18
0.00014400534340797765
1.6703358310384543e-18
1.0054439104500927e-18
6.91706412657105e-19
2.4769453543253985e-05
0.00011633568076506639
-7.199939235810583e-18
0.0003867119418007929
5.77457787815516e-05
3.140975875480229e-19
7.615818963824076e-19
2.879441862073859e-19
1.770105117555594e-05
5.62544618024442e-05
-4.964847989234169e-18
0.0001433218391694122
-1.6809619086219225e-19
1.7774026069147813e-18
1.5921341771932574e-18
-1.3026862874562e-18
8.21638048480367e-20
-1.1253258009563178e-19
1.9446804143358517e-18
-6.23372686429097e-19
8.646877670365273e-19
-6.5767477821949e-05
-0.0002349595955899045
6.522160907765576e-19
-1.7820701720053476e-19
1.1022373097035875e-18
-7.643931076999365e-05
1.7085131675914403e-18
1.0540188811143505e-18
6.062595433310413e-05
0.0002299413342263099
-6.007353689360836e-19
3.494244434781268e-19
-1.4770658540129824e-18
-0.00012977961447532135
6.56326676846439e-18
0.00028011844420469884
8.17387707010521e-18
7.413920252564385e-18
1.4082710661597247e-18
3.0543045885883616e-05
0.00023104399811906543
-2.3155549776717183e-18
0.000778280953864833
3.528669622332221e-19
-2.2987240559700278e-05
-6.314908372566514e-05
2.2553472564611526e-19
1.7166880527805444e-19
-1.9658993041754738e-18
-0.0002417055744313026
1.1113407120058299e-18
-0.00010387032535674111
-3.5477609206856214e-18
-5.027140507976372e-18
-1.4548985737501825e-18
5.692456516741978e-05
-0.0003030558152200157
4.508781612404907e-19
-0.0002584417542283774
-4.9188539835399236e-18
0.00014537993517269737
0.00018677586803150876
-5.443839779096164e-19
2.5774625057237295e-18
-6.54451051972207e-18
0.00016124590031360486
-3.68139624757301e-18
-1.3645848824812553e-18
4.802768835138869e-05
5.2744237173946046e-05
6.267140931565073e-19
1.3308947642029287e-18
-3.411639519212349e-18
6.177455357063126e-05
-2.37618205029613e-18
-2.291751201664693e-19
-2.373057098003323e-19
4.0822207229361833e-19
0.0003614530821789646
-1.8741835059398106e-18
1.8189964728520702e-18
-1.5548279959383213e-19
2.6244073522205495e-18
-0.000147934288390489
-2.638230834782112e-18
-2.2780313161015764e-18
-2.6527851893312648e-18
8.035392980742949e-05
-0.0005255854302180459
6.7451774096784065e-18
-0.0005073107371237044
9.161658744585518e-05
5.723218497521279e-18
5.090350844824042e-18
-1.6554454047566052e-19
-5.77949817963172e-06
0.0002984032827196016
-1.2963792145426128e-18
0.00043552438214295965
-7.59247014113043e-18
0.0003628318772055991
0.0004153636901298681
-1.126728733914131e-18
-1.813530736935854e-18
2.064067758621522e-18
0.0003726739379475876
-5.1907984805237616e-18
-5.9476970106165305e-05
-1.0332163624024723e-18
-7.917407700680271e-19
-1.4416594727637284e-18
0.00014053742771602914
-0.0003259063774838854
4.1029145915809954e-18
-0.00016494187777887174
4.570860872455413e-20
5.3963037830006924e-21
-2.0821426753839466e-19
-0.00010905888907301085
-4.595881400102734e-20
5.647980484097802e-19
-4.32468566420569e-20
9.616785575967785e-20
6.445717402660308e-20
6.654974133746866e-20
6.976199414770589e-20
-2.647125177505167e-18
9.600758833894766e-20
8.57255758963847e-20
2.2084179741201097e-20
2.4537055435287503e-20
1.0107864550239778e-18
2.790800163640995e-20
7.28837566288579e-20
-5.0470201628069876e-18
1.047277571545223e-18
1.2213790750432719e-18
-3.219068847984216e-20
1.399839208652357e-18
0.000459081242149199
8.00498745204554e-18
1.0456949685242054e-17
5.528953808974511e-18
0.0004753086974057146
0.0005557442478183395
-8.373726015608336e-18
0.0006472033904425733
1.1058784320399754e-19
2.2289158922848258e-20
-1.0367525239416931e-19
-7.592343582480234e-05
1.6363717045010677e-19
4.988396272114492e-19
-3.053589142347042e-20
-6.0745931983151915e-21
-2.5876014851612302e-18
-4.3669459142146885e-20
-3.7620444252720363e-19
-0.00013681243628518272
-2.7291416795790337e-18
-2.2786686908986025e-18
-5.2166786805512146e-20
-3.5558720263591496e-18
2.294496755900176e-19
1.204546976714474e-19
1.0528566228615018e-19
2.7062571293410622e-18
2.92490857747604e-19
2.8665716882655115e-19
8.829088970496514e-20
1.816556452620478e-19
-7.533816733435233e-21
-1.6508105656762808e-20
-5.893547656790405e-19
-0.0002651711076170316
-2.1400971593235686e-19
1.3603443124240639e-18
-1.0754237743328547e-19
2.369419295676923e-19
8.815818947341286e-05
-3.871085265197283e-18
-2.807917712351653e-18
-1.0053789655051686e-18
0.0003546231955430909
-0.00046456285463285024
-8.899108989658099e-18
-1.4345121708848231e-05
-3.498332089400752e-18
0.0002864419079630308
9.037913577268756e-05
-3.4173250483418566e-19
7.441203895303695e-18
-2.7419722366365932e-18
0.0007111863539658578
-3.936130823063579e-18
-2.5149439557719364e-18
5.9662797505102984e-05
-7.051769272195059e-06
1.945971021563422e-18
8.725333531791606e-19
-1.9258228603889964e-18
0.0001840279616769487
1.405000644308162e-18
-8.48157046936467e-19
-2.36584503580263e-19
2.015427637216562e-18
0.0009405007273432667
-2.0771397745421212e-18
-3.0185046780750494e-18
-4.913235235689448e-19
-3.1802934596218307e-19
0.0001776511714039764
3.958315073764065e-18
-1.7178424750053802e-18
-2.1172652418669904e-18
0.0005088485463768057
-0.000639741707911017
5.475950453767423e-18
7.323125148044781e-06
-0.0002432375355686259
-6.165802071071862e-19
-4.403306876637293e-19
-2.840009241403716e-18
-0.0004781569008322705
0.00034918875113202843
7.893006519095213e-18
-0.00020730775748965924
-5.872479640120938e-18
0.0004406813575782212
0.00015155635251818477
-3.8283640962172733e-19
3.728617487823789e-18
8.102951434330287e-18
0.000984306210483948
7.1758456880637e-18
-4.9032275346956106e-05
-2.26569870158232e-18
-3.945888585904919e-18
5.278343146394982e-19
9.793821229069653e-05
-0.0003513443045356905
8.392524314374626e-18
-0.0002824050127543206
-0.016220394825513674
-2.3752390199726156e-16
-5.372380665134039e-17
2.830838186494043e-18
-0.012474594878658936
-0.0009299505342430127
2.127590000089372e-16
-0.01018539729358281
-2.0626049243694098e-16
-0.008056454702961648
-0.0033667387378818986
1.1605945728241666e-17
-2.2546653314808244e-16
-4.900606996089006e-17
-0.007167156917343669
-1.6346724615341505e-16
-8.177916235139058e-17
-0.003366738737881902
-0.007350805531117141
2.1890154762852444e-18
-1.522920769853934e-16
-3.542878484574431e-17
-0.003142913893869675
-1.475064659066501e-16
2.830838186493985e-18
1.1605945728241601e-17
2.189015476285301e-18
-0.008824783284762956
3.714125453395677e-18
2.099494942733641e-17
8.728528609088567e-18
-1.9480469701723943e-18
-0.012474594878658983
-2.526894460563982e-16
-1.5918258125370065e-16
3.71412545339577e-18
-0.015269940327932056
-0.0005974622177004097
4.910152070594301e-17
-0.006676403496853709
-0.0009299505342430229
-6.701957868459431e-17
-3.5615089789869256e-17
2.0994949427336474e-17
-0.0005974622177004167
-0.0061537578503180704
-2.281423952455917e-17
-0.001649133090227997
1.852879161756631e-16
-0.007167156917343676
-0.003142913893869661
8.728528609088507e-18
5.048381418844937e-17
-2.5326360705139062e-17
-0.009132587819989161
3.4712696430934064e-17
-0.01018539729358265
-2.0643606296907183e-16
-1.5861331223923502e-16
-1.9480469701725434e-18
-0.006676403496853796
-0.0016491330902280086
2.5390493572613186e-17
-0.012678137095826995
5.392818831931345e-16
-0.01775014300975896
-0.0023290159707676206
1.1194615436867104e-17
1.1770545483954567e-16
-1.0035889160996116e-16
-0.015529551557581997
6.163878689436879e-17
-0.010281894668773292
-5.646307693383752e-16
-1.7832604772499267e-16
-1.1110847314001627e-17
-0.005824177541802641
-0.0029816322526765764
-1.7043032559577202e-16
-0.005798757570021755
-0.0058386330166598
-2.5024999780108743e-16
-2.226864504915202e-16
-1.8859058538614644e-17
-0.012579519532242988
-0.005262023591959542
-1.3411651160165145e-16
7.658294710288701e-05
1.8962128567050278e-17
-1.6568834914909642e-17
-1.853076405432441e-17
7.919432605120421e-18
3.566017950876608e-17
1.535247270843636e-17
-2.6630696557262788e-17
1.0703694465946018e-18
2.202329904932112e-16
-0.011151699485818276
-0.010494204926895411
3.1859262869883966e-17
7.658899536857132e-17
-2.5653802204662795e-17
-0.011644478179063226
3.3624266653640756e-17
5.520772604314757e-17
-0.005648458145653099
-0.0052614332307545355
1.612594932800729e-17
5.684906931130748e-17
-3.1198252998614617e-17
-0.007646884513114576
-8.43703272524123e-17
-0.009825475947213072
-1.8261180433864395e-18
-4.363535937880484e-17
-2.090381565235112e-17
-0.007159794383977332
-0.005252396253963207
2.0292249903200115e-16
-0.00714513804570377
2.0511325986151544e-16
-0.011712707901837625
-0.0013713870637523842
6.700600888176527e-18
5.798750683080365e-17
-1.5450075985493534e-16
-0.014399764388322548
1.1702819613423518e-19
0.016146205903397104
2.649210033849223e-16
1.4149884658144648e-16
-4.4253875592226653e-17
0.014291818053649787
-0.00920686074771269
1.0901729210807135e-16
0.0017783935471356973
3.3742354198439787e-16
-0.0026021060843841926
-0.0031899871049262136
7.999472693260739e-18
2.6512736889173297e-16
-1.8124201814788285e-16
-0.0016336967580586445
6.2608861204745e-17
1.3820183857069583e-16
0.0008753209846938263
0.005179466543298421
-2.1382863591581484e-17
2.9710646416552706e-16
-1.4245288088395488e-16
0.0020545482870677582
-7.056651060559625e-17
-9.4858732591316e-18
-2.837390102433916e-18
-2.064007134825627e-17
-0.0031047449287555933
2.147328189341775e-17
-1.6616228679086332e-17
-5.590463644572919e-18
-3.1313288258059896e-17
0.012201644086254458
2.452131289911451e-16
1.9661866022554053e-16
-3.1581580403654224e-18
0.013756782399140497
0.0002559637276064578
-4.2142412369564206e-17
0.004011048893927158
-0.0008401049548643246
-5.776285573128338e-17
-4.926269289378786e-17
-2.2433906912077342e-17
0.006310786516164745
-0.008409210130212374
5.14427541917159e-17
-0.006944501656972963
-1.0553015083299519e-17
-0.0004738212831195846
0.0012188765543625862
-3.786453413958366e-18
-7.247928479620062e-17
6.306887424457883e-17
-0.002419874156934351
2.314096338655695e-17
0.006414336596998847
1.677327146385291e-16
-1.0594259050930794e-16
-6.490325168193318e-17
0.009773622661716035
-0.013912149390044337
5.665966470991024e-17
0.00020196430794316387
-5.571358013234423e-18
-2.180123862400347e-18
-4.093775076131701e-17
-0.019694628210535803
-4.7632593131008376e-18
1.0655027587670285e-16
-6.858933392603917e-18
-4.334023328956893e-18
1.4582477788688389e-18
-2.301092176850336e-19
-1.5858647469654478e-18
-4.089451073334389e-16
-6.271771977548861e-19
-1.206531368231297e-18
1.8721347137506565e-19
8.76051847238788e-19
-1.7933726279633656e-17
6.717001253497625e-19
4.2127708121725677e-19
-2.5723318031065634e-16
-5.8206818172080735e-18
-9.46680267719309e-18
1.1915026677263008e-18
-2.3449051201990488e-17
-0.009754275654508537
-1.7854327493912599e-16
-1.4191938380987117e-16
-4.91888306835277e-17
-0.005184368823237879
-0.005247809972427087
8.944021625237362e-17
-0.010299013421636256
-2.3613221428588673e-18
2.5061546172777616e-19
-1.9477998128247067e-17
-0.010550259663570984
-6.607350342973973e-19
5.804474790291369e-17
-2.5987680844938213e-18
-4.89905863849331e-18
4.9170973728849964e-17
-1.0917612948167597e-18
-1.5106614013401106e-17
-0.007719268737617596
2.817498334220388e-17
7.09090367630892e-17
-2.210676235449996e-18
5.0233250608202864e-17
-1.7967122590870675e-18
8.839272161056711e-19
7.79830809972326e-19
1.4627694885844711e-16
-4.613390773461333e-19
-1.2858681010585761e-18
-6.870624488301421e-19
-4.037574952943945e-18
-3.7714451400352516e-18
-1.9557445565909875e-18
-4.5207806193080505e-17
-0.020522331847151083
-4.895898986097394e-18
1.094561750219094e-16
-8.134015403354995e-18
-5.652758232622869e-18
-3.718344900311564e-18
0.00014400534340797797
5.774577878155209e-05
-1.6809619086218768e-19
1.910702053542896e-18
2.2150172251622986e-18
0.00028011844420469927
4.732450775168092e-18
-2.7158890780066568e-05
1.145895706513171e-18
4.964623039125054e-19
1.7774026069147875e-18
-6.576747782194813e-05
6.062595433310531e-05
8.366554648822375e-18
-2.2987240559694837e-05
-0.0001125152741542014
1.292884854947681e-18
3.1309781942433214e-19
1.5921341771932553e-18
-0.0002349595955899054
0.0002299413342263086
7.667558949073325e-18
-6.314908372566536e-05
3.3037813500680933e-19
6.917064126571021e-19
2.8794418620738513e-19
-1.2818348152686181e-18
6.522160907765619e-19
-6.007353689360792e-19
1.4082710661597232e-18
2.25534725646125e-19
5.051430094261697e-19
2.4769453543253856e-05
1.7701051175555508e-05
8.216380484803764e-20
-8.276801300622925e-20
5.150709687970668e-19
3.054304588588351e-05
-1.218605989481202e-18
-1.8297690876771493e-18
0.00011633568076506622
5.6254461802444043e-05
-1.125325800956296e-19
1.4012059801265591e-18
-9.584230820266964e-19
0.00023104399811906502
-1.3419476865270546e-18
-0.00010380024245003195
-6.951282664972998e-18
-3.822923076056399e-18
1.94468041433586e-18
-7.643931076999289e-05
-0.00012977961447531932
-2.0175333194397044e-18
-0.0002417055744313027
-6.2038580893210966e-18
0.0003867119418007933
0.00014332183916941158
-6.233726864291016e-19
8.876035695565962e-19
5.465834114384957e-18
0.0007782809538648306
-1.202555447248817e-18
5.46342053947357e-16
-0.010281894668773295
-0.0058386330166597935
1.8962128567050272e-17
2.5499418504293446e-16
5.592533332377735e-17
-0.009825475947213091
2.0494904574275288e-16
-0.017750143009758815
-5.248711468993724e-16
-1.9572450123053634e-16
-1.6568834914909698e-17
-0.01115169948581825
-0.005648458145653075
-3.9104748722944103e-17
-0.011712707901837746
-0.002329015970767613
-1.3084234293597063e-16
-2.323515414062863e-16
-1.8530764054324394e-17
-0.01049420492689541
-0.005261433230754517
-5.266815348849317e-17
-0.001371387063752436
1.1194615436867064e-17
-1.1110847314001621e-17
-1.8859058538614656e-17
8.183245743974395e-18
3.185926286988405e-17
1.6125949328007305e-17
-2.0903815652351085e-17
6.700600888176851e-18
1.3241427211621888e-16
-0.005824177541802614
-0.012579519532243002
3.5660179508766134e-17
6.818798791299049e-17
6.772958029645025e-17
-0.007159794383977329
6.211047495535735e-17
-9.428240401931769e-17
-0.0029816322526765703
-0.005262023591959554
1.5352472708436404e-17
-1.6366681460112253e-17
-2.2496281914657594e-17
-0.005252396253963195
-1.4033867428351015e-16
-0.015529551557582075
-2.344970672961033e-16
-9.384884745552033e-17
-2.6630696557263056e-17
-0.011644478179063274
-0.007646884513114601
2.528412369779238e-16
-0.014399764388322587
8.055708534947113e-17
-0.005798757570021739
7.658294710289529e-05
1.0703694465945238e-18
5.906393938780055e-18
-9.311615094328097e-17
-0.007145138045703747
-3.439574252398291e-17
-0.02104483066580882
7.795111886254587e-16
2.919327712967361e-16
-1.8611839393781124e-17
-0.014737388271209056
-0.005880396315317374
7.37852295209386e-16
-0.0033216319834173578
8.090876689693858e-16
-0.04348134688203813
-0.017965322313732268
5.557197048319535e-17
2.2764772632383087e-17
-1.8253685606770154e-16
-0.02608559250835347
-5.40772622942875e-17
3.358525371430227e-16
-0.01796532231373219
-0.02802873725759573
7.100203325824877e-17
6.634667991059652e-17
9.412479388594227e-17
-0.01048455978434363
-6.7949172965777425e-18
-1.861183939378132e-17
5.557197048319523e-17
7.100203325824876e-17
-0.00317959490525649
-3.1175650081955674e-17
-1.03477144641505e-17
3.277063467365444e-17
-6.3335735390450085e-18
-0.01473738827120909
6.049152484380265e-17
5.62747148771303e-17
-3.117565008195569e-17
-0.02356926184599351
-0.009020880616005502
2.1915496860920444e-16
0.0006541482885675007
-0.005880396315317393
-1.5471701562578122e-16
9.099229115176944e-17
-1.0347714464150493e-17
-0.009020880616005492
-0.006718155611837916
-9.524696580696494e-17
-0.001025969989925253
7.015464326241363e-16
-0.026085592508353447
-0.010484559784343598
3.277063467365431e-17
2.1480945379559102e-16
-1.0744149731646784e-16
-0.02796394117978231
5.696954546306251e-17
-0.0033216319834173157
-4.9479236554314096e-17
3.0206192914345175e-17
-6.333573539045134e-18
0.0006541482885674747
-0.001025969989925258
4.112979694661939e-17
-0.005244891467342271
-7.738452842013075e-16
0.014677758866913936
0.010685909610216359
-3.054757592963991e-17
-3.733343263242957e-16
3.16557540934518e-16
0.0033584887835738093
-3.1756397097804955e-17
0.023017905693544102
4.109981514133405e-16
1.1399596151062728e-16
-8.092113209127347e-17
0.019369780866259526
-0.01659618190487446
1.1067320126238096e-16
-0.0018642334523658326
0.010363618832786114
1.5051425932744182e-16
4.094507044851584e-16
-5.062676102893144e-18
0.014609148462430801
0.0007639234768053467
-2.1098784739362613e-17
0.0003659972200020588
-3.114036823354898e-17
-9.962015120557844e-18
1.7218724342893217e-17
-1.1086526312693391e-18
-4.3335348245892914e-17
1.4086839995718906e-18
-1.9273155744255285e-17
7.655778940079562e-20
-2.9886555762995564e-16
0.01397562376330965
0.01736801463739232
-4.9034319750299593e-17
1.8731126635723085e-17
-5.879864525220863e-18
0.007855891569498799
-2.3292738566231094e-17
7.195937712625001e-17
-0.000681558553087027
0.005675911780394359
-1.542825979760215e-17
1.0635941870725716e-16
-2.858887827969631e-16
-0.0038522830509314823
-5.957688504458295e-17
0.010547658109427554
1.5371591534412046e-16
-1.1475964708869355e-16
-8.461456583856989e-17
0.017621716032198503
-0.017662863023305154
1.288053416883754e-16
-0.004132697371847449
1.6152995495041074e-17
-0.0022646106400748683
-0.0022447977772322458
7.138166148943109e-18
-4.583820744090769e-17
-5.031213527790871e-17
-0.003202851429077925
-8.625345842458105e-18
9.098888204401418e-18
6.525272103166328e-18
2.1897813851604774e-18
5.28145229886385e-16
4.2529360886823494e-18
1.1767310835128408e-18
-1.170160815179894e-18
-9.887381291798728e-19
-3.353771343273928e-18
-6.290520745136165e-19
-4.8427190832403025e-17
-0.025394737195002653
-3.052557414983895e-18
1.393272788995399e-16
-9.299185876986025e-18
-4.904300623303789e-18
4.779506075109721e-18
-7.604412152575076e-18
-7.692094710018711e-19
-0.003664156637965574
2.4137044643029403e-18
2.043549153790493e-17
-1.4691774842203825e-17
1.2681523655981973e-18
1.3582110402059364e-16
-0.006564723140243719
-0.0011816981984570378
2.0705904223143224e-17
6.266915931958954e-18
-6.721345295148593e-17
-0.007606796922356794
-2.7582013620157324e-18
5.819455915570323e-18
4.942296980872443e-18
5.465458918886321e-18
-1.3377753680143631e-17
6.815994669333534e-18
2.7374096398196214e-18
-8.794195426255966e-19
-2.111213553532708e-19
1.9863561545628064e-18
3.517826573307985e-17
8.409816898350303e-18
-2.834789223037117e-16
2.8548644048773017e-18
-4.1116897946863497e-20
3.7739726054586585e-17
-3.5827861834546993e-19
-4.552878209249845e-18
-4.570201920731305e-18
-5.565719122955626e-17
-0.02654626404431821
-3.82933325800538e-18
1.4278835040629046e-16
-1.2747339394759469e-17
-6.835464869627704e-18
-5.976428805847347e-19
-1.8731991976716358e-18
-5.204931574804791e-19
-1.2160873802731919e-19
5.888998530920083e-20
-2.6366968000906636e-19
-2.1623588206949613e-18
-2.2345594373986284e-18
-0.00010387032535674273
-5.026563572139651e-18
-1.0542743468870417e-18
-2.2917512016645607e-19
-0.0001479342883904887
9.161658744585856e-05
-7.524888874425639e-18
-5.94769701061534e-05
-3.8689318011449885e-18
0.00014537993517269688
4.802768835138895e-05
-2.3730570980033464e-19
-2.3210178602113037e-18
5.2739704844116975e-18
0.0003628318772055996
-4.689475676226656e-19
-4.626433719212776e-18
0.00018677586803150892
5.2744237173946066e-05
4.0822207229361674e-19
-2.5027018472265674e-18
4.9570971640911575e-18
0.00041536369012986794
-2.4612651455123935e-18
-1.4548985737501644e-18
-5.44383977909608e-19
6.267140931565013e-19
0.00036145308217896445
-2.6527851893312605e-18
-1.6554454047564536e-19
-1.1267287339141373e-18
-1.4416594727636699e-18
5.692456516741654e-05
2.068606162542442e-18
1.4765203404901439e-18
-1.874183505939814e-18
8.035392980743083e-05
-5.7794981796318245e-06
-1.5900829200053372e-18
0.00014053742771602973
-0.00030305581522001236
-5.062243033044718e-18
-4.077303152429871e-18
1.81899647285208e-18
-0.0005255854302180451
0.00029840328271960335
1.1002364546819638e-18
-0.00032590637748387813
6.558041189570432e-19
0.00016124590031360524
6.177455357063103e-05
-1.5548279959383076e-19
6.582289700655569e-18
-9.907492802021762e-19
0.0003726739379475874
3.668618662218302e-18
-0.0002584417542283766
-4.791324908230609e-18
-1.7994865264246655e-18
2.6244073522205314e-18
-0.0005073107371237046
0.00043552438214295455
-4.383047554504912e-18
-0.00016494187777888554
0.016146205903397062
4.152591616731813e-16
9.902021282212912e-17
-9.485873259131554e-18
0.012201644086254461
-0.0008401049548643359
-4.881827842707082e-17
0.0064143365969990054
3.56061810182648e-16
-0.002602106084384214
0.0008753209846938254
-2.8373901024338353e-18
2.199289447465335e-16
-4.2868191322224117e-17
-0.0004738212831195786
1.0388130736918757e-16
1.332093615439309e-16
-0.0031899871049262322
0.005179466543298432
-2.0640071348256343e-17
2.024115031397381e-16
-5.96681834192613e-17
0.00121887655436259
-6.147884788546749e-17
-4.425387559222695e-17
7.999472693260693e-18
-2.1382863591581478e-17
-0.003104744928755592
-3.1581580403655075e-18
-2.2433906912077425e-17
-3.786453413958313e-18
-6.490325168193382e-17
0.014291818053649808
3.1130651738634847e-16
2.8769337055144225e-16
2.1473281893417827e-17
0.013756782399140504
0.006310786516164759
-9.804528741433473e-17
0.009773622661716086
-0.009206860747712734
-1.6851417414004248e-16
-1.5223068226224865e-16
-1.661622867908637e-17
0.0002559637276064386
-0.008409210130212398
5.610675464402597e-17
-0.013912149390044405
7.37030422112323e-17
-0.0016336967580586471
0.0020545482870677647
-5.590463644572947e-18
-2.917850978025772e-17
4.967843054005135e-17
-0.0024198741569343538
8.542356228678124e-17
0.00177839354713581
2.927565671278424e-17
-3.9872439905580276e-17
-3.131328825805995e-17
0.004011048893927118
-0.006944501656972961
4.0221023614981696e-17
0.0002019643079429706
-7.797235977857033e-16
0.02301790569354413
0.010363618832786116
-3.114036823354903e-17
-3.0251837866212314e-16
6.7473001639919e-17
0.01054765810942756
2.1190138002839325e-17
0.01467775886691394
4.2812354427604213e-16
1.857299134578439e-16
-9.962015120557905e-18
0.013975623763309644
-0.000681558553087032
1.2429549681417292e-16
-0.002264610640074875
0.010685909610216371
1.2845749508015197e-16
3.9367662994071176e-16
1.721872434289325e-17
0.017368014637392317
0.0056759117803943625
-1.1090337709699617e-16
-0.0022447977772322553
-3.0547575929639984e-17
-8.092113209127387e-17
-5.0626761028931965e-18
-1.4249072117578631e-18
-4.903431975029972e-17
-1.542825979760224e-17
-8.461456583856998e-17
7.138166148943247e-18
-3.7020106530351807e-16
0.01936978086625957
0.014609148462430843
-4.333534824589301e-17
4.6006668658570554e-18
1.0725829025040501e-16
0.017621716032198476
-3.562174548999304e-17
3.263768908746041e-16
-0.01659618190487448
0.0007639234768053567
1.4086839995719112e-18
-3.093693482974003e-17
-2.9782896902720606e-16
-0.01766286302330521
-3.024151139920515e-17
0.0033584887835738154
1.0100626067403215e-16
-3.985431740327696e-17
-1.9273155744255245e-17
0.007855891569498794
-0.003852283050931482
1.4809897447065088e-16
-0.0032028514290779377
-5.058710145809045e-18
-0.0018642334523658486
0.00036599722000206313
7.655778940077118e-20
-4.676698047959167e-17
-6.69187542198618e-17
-0.004132697371847481
-1.4980065968964872e-17
-0.022942335807423893
-5.882946735880652e-17
8.091843009263543e-17
3.979284919052398e-17
-0.015172305906065338
0.007879504941215934
9.07375483783626e-17
-0.002168948914492093
-2.1019415741900947e-17
-0.018156159677257602
-0.014122618158074626
3.9573280541027e-17
-2.907008858460017e-16
1.6983012501585947e-16
-0.005626223516289666
-4.078656422228518e-17
7.131925482604268e-17
-0.014122618158074644
-0.016966408403455733
3.420999086228822e-17
-1.6932971963182364e-16
-1.7709538789362345e-16
-0.004027316827061433
-4.156630134794906e-18
3.9792849190524495e-17
3.9573280541027004e-17
3.420999086228827e-17
-0.005914131079290558
8.808923482784705e-17
-1.2897261435933825e-16
9.8269206658436e-18
-3.6164789246605627e-17
-0.015172305906065378
-2.707780463703754e-16
-1.7832291210690151e-16
8.808923482784703e-17
-0.02230320648226932
0.01822968655994768
-1.559060064135429e-16
0.0030901437036296164
0.00787950494121603
1.706511983669747e-16
-1.6839971561040734e-16
-1.2897261435933835e-16
0.0182296865599477
-0.034550042255828015
2.1473771456128455e-16
-0.007742322263511983
7.542114614731844e-17
-0.005626223516289665
-0.004027316827061438
9.826920665843645e-18
-1.4298401828155228e-16
2.2376474565415905e-16
-0.005286358872369591
1.0192201629819834e-16
-0.0021689489144920966
3.792442488331277e-18
-1.8607472689680626e-17
-3.6164789246605035e-17
0.0030901437036295826
-0.007742322263511884
8.444702297301691e-17
-0.006705437076885779
1.5565618290336224e-18
-2.2595513173811476e-18
2.140735916462546e-17
0.012264187842410786
3.2960175515605176e-18
-6.82139849929137e-17
3.790642773054803e-18
2.9715726036469232e-18
-8.271263902895909e-18
-7.587943352140191e-18
-4.653727528881325e-18
2.4163535006306876e-16
-4.829908991942468e-18
-1.6780788701168617e-18
9.74282506239556e-19
4.1626923356156984e-19
-4.714372915212855e-18
-6.700249395935704e-18
-5.935091592397367e-18
-8.504488091066876e-17
2.4309920988792394e-18
-2.2775617695113375e-17
2.0763566044427783e-20
-5.591726576257523e-18
0.0005679082181619937
1.5010567897840965e-17
-6.504696075519816e-17
-1.7620669620539128e-16
0.004080162670841195
-0.009610868339245864
7.835007530600201e-17
-0.0027467050637085427
3.62131299920606e-18
-3.3612659941025756e-19
3.8359719207914716e-17
0.019763802341477885
4.542876211302146e-18
-1.0796334262112944e-16
5.8404233378065866e-18
3.254535398515434e-18
-9.538619162308054e-18
-5.872328103649516e-18
-6.232388966932147e-17
-0.0283259787749259
-2.4766372461235726e-17
2.0076158585245783e-16
-1.1976215814143882e-17
7.344478540343163e-18
-1.4954141579971056e-18
-6.65802523494128e-19
-1.2318474225868208e-18
2.0591140640176636e-16
-8.325484533122966e-19
-4.456888093288066e-18
1.258588200820965e-19
-5.656002576149152e-19
-1.2800396747167112e-18
-1.7000411186323357e-18
-1.1113722282604786e-17
-0.005066230302222925
-8.073277017311901e-19
2.552953448565686e-17
-1.845733546436201e-18
1.1162807583056616e-18
4.5708608724555305e-20
6.44571740266025e-20
1.010786455023982e-18
0.00045908124214920007
1.1058784320399751e-19
-2.587601485161236e-18
2.294496755900189e-19
-7.533816733430768e-21
5.396303783001818e-21
6.654974133746859e-20
2.790800163641032e-20
8.372660136100751e-18
2.228915892284846e-20
-4.366945914214884e-20
1.2045469767144747e-19
-1.6508105656763257e-20
-2.0821426753839076e-19
6.97619941477049e-20
7.288375662885889e-20
1.0359885096134957e-17
-1.0367525239416816e-19
-3.762044425272003e-19
1.0528566228615133e-19
-5.893547656790433e-19
-0.00010905888907300853
-4.405429041224644e-18
-4.038799570116676e-18
5.528953808974505e-18
-7.592343582480253e-05
-0.00013681243628518232
3.97693619010279e-18
-0.0002651711076170335
-4.5958814001026523e-20
9.600758833894691e-20
1.0472775715452225e-18
0.0004753086974057139
1.636371704501062e-19
-2.729141679579031e-18
2.924908577476042e-19
-2.1400971593236403e-19
5.647980484097695e-19
8.572557589639637e-20
1.221379075043263e-18
0.0005557442478183391
4.988396272114495e-19
-2.2786686908986017e-18
2.8665716882654253e-19
1.3603443124240739e-18
-4.3246856642056625e-20
2.2084179741200317e-20
-3.2190688479841565e-20
-8.653924243681676e-18
-3.053589142347032e-20
-5.216678680550927e-20
8.829088970496582e-20
-1.075423774332839e-19
9.616785575967948e-20
2.4537055435287307e-20
1.3998392086523515e-18
0.0006472033904425704
-6.074593198315774e-21
-3.555872026359136e-18
1.8165564526204586e-19
2.369419295676801e-19
-5.57135801323446e-18
1.4582477788688947e-18
-1.7933726279633634e-17
-0.009754275654508517
-2.3613221428588873e-18
4.917097372884986e-17
-1.796712259087068e-18
-3.771445140035151e-18
-2.1801238624003122e-18
-2.3010921768504563e-19
6.71700125349713e-19
-1.8495481303081822e-16
2.506154617277435e-19
-1.0917612948166715e-18
8.839272161056665e-19
-1.9557445565910284e-18
-4.093775076131706e-17
-1.5858647469654403e-18
4.2127708121724824e-19
-1.3925794095291823e-16
-1.9477998128247125e-17
-1.510661401340115e-17
7.798308099723031e-19
-4.520780619308032e-17
-0.019694628210535848
-3.9635481155531317e-16
-2.5962631538348916e-16
-4.918883068352775e-17
-0.010550259663571013
-0.007719268737617611
1.3138943688701818e-16
-0.020522331847151
-4.7632593131009555e-18
-6.271771977548881e-19
-5.820681817208098e-18
-0.005184368823237883
-6.607350342973777e-19
2.81749833422039e-17
-4.613390773461418e-19
-4.89589898609726e-18
1.0655027587670337e-16
-1.2065313682316318e-18
-9.46680267719302e-18
-0.005247809972427085
5.804474790291375e-17
7.090903676308918e-17
-1.2858681010583612e-18
1.0945617502190856e-16
-6.858933392603976e-18
1.8721347137510366e-19
1.1915026677263323e-18
9.279457904289371e-17
-2.598768084493822e-18
-2.2106762354500605e-18
-6.870624488301642e-19
-8.134015403354932e-18
-4.334023328956922e-18
8.760518472387284e-19
-2.3449051201990467e-17
-0.010299013421636256
-4.8990586384932724e-18
5.0233250608202894e-17
-4.0375749529439384e-18
-5.6527582326229686e-18
9.098888204401422e-18
-3.3537713432739678e-18
4.779506075109674e-18
1.3578699603589685e-16
5.81945591557034e-18
1.9863561545628145e-18
-4.552878209249774e-18
-5.976428805847424e-19
6.525272103166302e-18
-6.29052074513625e-19
-7.604412152575077e-18
-0.006564723140243719
4.942296980872456e-18
3.5178265733079864e-17
-4.570201920731289e-18
-1.8731991976716265e-18
2.1897813851605005e-18
-4.842719083240318e-17
-7.692094710019171e-19
-0.0011816981984570385
5.465458918886311e-18
8.409816898350296e-18
-5.565719122955604e-17
-5.204931574804894e-19
5.282016680872221e-16
-0.025394737195002695
-0.003664156637965563
2.0705904223143147e-17
-1.065135942268577e-17
-2.850118770949072e-16
-0.026546264044318146
1.8168074227640941e-19
4.252936088682348e-18
-3.0525574149839316e-18
2.413704464302931e-18
6.130951124523802e-18
6.815994669333537e-18
2.8548644048772933e-18
-3.8293332580053555e-18
5.888998530919557e-20
1.1767310835128506e-18
1.393272788995401e-16
2.0435491537904775e-17
-6.741389772272311e-17
2.7374096398195732e-18
-4.1116897946876105e-20
1.4278835040629002e-16
-2.6366968000906617e-19
-1.1701608151798889e-18
-9.299185876986044e-18
-1.469177484220384e-17
-0.007606796922356797
-8.794195426255921e-19
3.77397260545866e-17
-1.2747339394759446e-17
-2.162358820694971e-18
-9.887381291798591e-19
-4.904300623303795e-18
1.2681523655982139e-18
-3.715968408211106e-18
-2.1112135535329589e-19
-3.5827861834547417e-19
-6.835464869627709e-18
-2.2345594373986315e-18
1.5565618290336058e-18
-8.271263902895904e-18
-4.714372915212849e-18
0.0005679082181619887
3.621312999206076e-18
-9.538619162308044e-18
-1.495414157997105e-18
-1.2800396747166817e-18
-2.259551317381138e-18
-7.587943352140202e-18
-6.700249395935663e-18
2.279789836735158e-17
-3.3612659941020994e-19
-5.872328103649615e-18
-6.658025234941214e-19
-1.7000411186323315e-18
2.140735916462564e-17
-4.653727528881356e-18
-5.9350915923973885e-18
-6.667346931008054e-17
3.8359719207914783e-17
-6.232388966932138e-17
-1.2318474225868116e-18
-1.1113722282604794e-17
0.012264187842410845
2.2909314740234584e-16
-8.871858096927427e-17
-1.7620669620539099e-16
0.019763802341477864
-0.028325978774925858
2.1056323368165644e-16
-0.005066230302222936
3.296017551560528e-18
-4.829908991942471e-18
2.430992098879226e-18
0.004080162670841194
4.542876211302138e-18
-2.4766372461235717e-17
-8.325484533122975e-19
-8.073277017311768e-19
-6.821398499291408e-17
-1.6780788701168274e-18
-2.2775617695113332e-17
-0.009610868339245864
-1.0796334262112926e-16
2.0076158585245743e-16
-4.456888093288078e-18
2.5529534485657062e-17
3.790642773054847e-18
9.74282506239562e-19
2.0763566044406773e-20
7.427604304501965e-17
5.840423337806544e-18
-1.1976215814143795e-17
1.258588200820846e-19
-1.845733546436241e-18
2.971572603646976e-18
4.162692335615589e-19
-5.5917265762575e-18
-0.0027467050637085314
3.2545353985154303e-18
7.344478540343091e-18
-5.656002576149086e-19
1.1162807583056597e-18
-0.014010901574130975
-1.145061994067049e-16
-8.534287270600835e-17
-2.5661805319676606e-17
-0.0070040329043278785
-0.003578556914012996
1.3619182494793123e-16
-0.0061399202483338865
-1.0287153195158075e-16
-0.004779222908359619
-0.0017995443074707278
4.628772062291856e-19
-1.0168316041783949e-16
-7.604395779884179e-17
-0.0035769506005785445
-1.3442336984719048e-16
-8.869652586914833e-17
-0.0017995443074707298
-0.0011500966861660985
-1.1314679622489441e-16
-4.436674634193029e-17
-7.14990354699406e-17
8.138249469327769e-05
-9.774291144494363e-17
-2.5661805319676575e-17
4.628772062291935e-19
-1.1314679622489431e-16
-0.05364550261842159
-1.614446006758829e-17
2.4865301344530455e-16
-1.8361814900697105e-17
-2.191321406276993e-17
-0.007004032904327881
-1.0075811439081853e-16
-4.395414073753372e-17
-1.6144460067588324e-17
-0.006870715269480264
-0.0010682041951958663
9.568064747809317e-18
0.0003147168833659862
-0.0035785569140129947
-7.969367294721269e-17
-7.090300474303873e-17
2.486530134453047e-16
-0.0010682041951958633
-0.00704659402197999
2.0023607048070795e-17
-0.002253314527549278
1.3291118349345867e-16
-0.0035769506005785467
8.138249469327727e-05
-1.836181490069705e-17
9.811831137467193e-18
1.8220805681156404e-17
-0.004792956134862197
6.290558600595163e-17
-0.006139920248333898
-1.293637627804687e-16
-9.890916621118965e-17
-2.1913214062769866e-17
0.00031471688336600143
-0.0022533145275492705
5.944899889175948e-17
-0.012917461754815465
