-1.6256672660928368e-18
1.2343735400628721e-18
9.496429615761219e-14
1.3235506582452848e-13
-1.6330561733469578e-18
-1.7705452291885003e-19
0.0003314662508656487
1.6989721158637037e-18
-2.3013241420859197e-18
0.0002637156983883972
1.9831408039314575e-13
5.284040836638467e-19
-1.0705295745990784e-19
-3.371471851551031e-19
-8.420988782177108e-19
-1.9272892199541228e-18
8.467227890213118e-18
0.00011095123586010382
-1.111091006173802e-19
-1.1316138162550967e-18
2.2461499350167746e-14
8.688533476825907e-19
-1.902228057029866e-18
0.00014252953092617365
0.0001973414470719425
-1.521464110756686e-18
1.9346189167765377e-18
-2.216148101420841e-13
-5.227474111190028e-19
-2.0550213355763084e-18
-1.7586982611124855e-13
0.0002976635134023207
-2.4562187612248545e-18
-2.870049136689279e-19
3.975527355625225e-18
6.930394721714645e-18
-3.6137772300716487e-19
-6.034014082084994e-20
-7.413165415511922e-14
4.726145680274339e-19
-6.629393219468269e-19
3.376980024149254e-05
-3.2995841764621414e-17
-6.123830810299089e-17
5.4994623528799876e-15
-1.9030098431418973e-14
6.353495563242493e-17
2.7424183592206254e-17
-0.005770394277282252
-1.0094456436034841e-17
4.1553982984317636e-17
0.0018443381713594033
6.4279891745740245e-15
6.897324136832312e-18
-1.1534731946710365e-17
-4.049475082382699e-18
-1.5358388393280678e-17
-4.7055151374863115e-17
1.557818277301763e-16
0.005942603364673313
-2.3571847448948888e-17
-1.159010700159959e-18
-7.242116654704647e-16
-1.1703418671621594e-16
2.8867379189854377e-16
0.028607245604163795
-0.010052756638948973
9.833759547254144e-17
4.0205914064560616e-17
3.278330580207183e-14
1.8647691364113144e-17
5.3430834364954883e-17
1.8472291494437328e-15
0.0009803258305423179
6.3331287391867385e-18
7.224190662069997e-18
3.118085019532747e-17
6.939723864293862e-17
-1.3228659349968614e-18
2.533495585954177e-18
-4.595934681247645e-15
-2.2972424151037405e-18
9.715947099760871e-19
0.0008692439812353771
4.1455087695400964e-16
-6.224950072786947e-16
-7.452373633234287e-14
3.2499659801425344e-14
-7.474272300437178e-17
-1.018126376069156e-16
0.002150210141602135
-2.558421148215795e-17
-8.813526459792765e-17
-0.013519230380971295
-1.0570946655936331e-15
-1.233638340763667e-17
1.5022164815057206e-17
1.0281670173989552e-17
4.066660608982932e-17
1.9550854578482223e-17
-3.4819980553374396e-17
-0.012927361391112158
3.9696449113314e-17
-7.210612558409241e-18
5.426763324609306e-16
-5.6170322423227796e-14
-1.365042940429758e-13
6.887244154852772e-18
-2.877953251879896e-16
-0.005095983086871464
0.04983426971191549
-1.7764520938105837e-17
-3.792307792160344e-14
-8.722481053283944e-14
2.8918780061698366e-17
-1.6091560672747417e-17
0.011358311862030051
0.005554656416344324
-9.755944536836715e-19
-1.4677784920856266e-17
-6.392987914931196e-19
3.593341727507615e-17
-2.680231768042247e-17
2.7001221576656215e-15
-1.3126488160042826e-16
-1.1437655506259435e-17
1.596879789982669e-13
-5.792343249717843e-14
2.014593748037128e-16
1.483488800840004e-16
0.04983426971191568
0.0050959830868714095
3.6403725586027653e-16
8.69155534860536e-14
-3.8859588542298576e-14
-9.449880211491505e-17
1.5068220434632913e-16
0.0055546564163443425
-0.011358311862030011
1.1961237726624976e-17
-1.7859446287205124e-17
9.817047914406308e-18
-2.887091894015027e-18
-7.395517981950731e-18
9.764902155516129e-17
2.8212762294200794e-15
1.5888673962227135e-17
