-0.00023229895128046806
-6.729025832377538e-18
8.123334292018653e-18
-2.768344864043224e-18
-0.00034648593709790166
2.7269670186173714e-05
2.4426293938713622e-17
-0.0004475145776127132
-6.742049549448719e-18
-0.00016002454552762444
-4.8472515881824536e-05
4.333506627250339e-19
-2.4651334423372138e-17
-4.932710805006186e-18
-0.0004639370947327343
-2.7434493474971162e-17
8.040832541434058e-18
-4.847251588182462e-05
6.967337587183948e-06
-4.435729597703069e-18
2.629292971424467e-18
7.754568567387416e-18
-0.00016277760428204795
1.6654074136427372e-17
-2.768344864043217e-18
4.3335066272503065e-19
-4.435729597703067e-18
-0.0010059705694027172
5.341856448347695e-18
4.7846600874299425e-18
8.607291029660411e-19
-5.099269967834233e-18
-0.0003464859370979015
-2.490581331305425e-17
2.710866539707764e-18
5.341856448347687e-18
-0.0006315171372600134
0.0003841190854208669
-1.015828816157402e-17
-0.00045947201759969296
2.726967018617421e-05
-5.1703114749167045e-18
7.871217274222875e-18
4.784660087429942e-18
0.00038411908542086747
-0.000752354175709332
-8.789483833217146e-18
-0.00032397405851702904
2.4446605120500303e-17
-0.0004639370947327342
-0.00016277760428204797
8.607291029660395e-19
-1.028486521089664e-17
-8.9048080383302e-18
-0.0011366294294821641
1.0898934278070596e-17
-0.00044751457761271285
-2.7369115035343385e-17
1.6254057276874522e-17
-5.099269967834204e-18
-0.0004594720175996903
-0.0003239740585170279
1.076401175765288e-17
-0.0009375890012477513
9.132659264874025e-05
-7.662062497937576e-18
-7.979992066613715e-19
5.190634821957311e-19
0.00017665358593525033
-0.0002388546018747199
-2.1014606522225848e-17
-4.841526603448655e-05
-9.928047681168525e-18
0.0002868822066016209
6.028525448715828e-05
-4.994737235205052e-19
1.3522730753047735e-17
-8.124551710787495e-18
0.0004382768954093416
-3.321134375763207e-18
1.7327947068571994e-19
9.106796819660962e-05
-2.716199620518182e-06
4.1078884864975376e-18
2.8702383262647294e-18
2.3426960256725648e-18
0.00014965020099017598
3.0021884251409927e-18
9.088462743682164e-19
-7.163138649686181e-19
3.998245766634879e-18
0.000937441680637782
-7.157333605780913e-18
-6.951970321135075e-18
-7.309149844914511e-19
-6.589985762657317e-19
0.00035267714541150003
2.5028798026615472e-17
-1.6443323798415654e-18
-6.2511868403080186e-18
0.0005084616776169077
-0.00047484466981323757
1.039318901776253e-17
9.64605283071967e-05
-0.0004579691005066433
-1.5957558588646837e-17
4.821299743257207e-18
-8.20883767380276e-18
-0.0006367007772668614
0.00035389044778471614
1.180984661507331e-17
-0.00035019550030111193
-3.0697664603752535e-17
0.00070564793373294
0.0001810255781689073
-9.34182069957557e-19
1.1847750570510954e-17
1.2395140984014767e-17
0.000980808990395522
-1.5500257992230654e-18
-1.4268005770445212e-05
-7.627384844966907e-19
-3.07770654747391e-18
-8.147316284023398e-19
4.111903714428778e-06
-0.0002052400227955339
-3.8047674709538045e-18
-0.00027962819509522397
-7.066541113801284e-18
-2.80361208638324e-05
-0.00011347445123324782
6.42979247661575e-19
-7.776780655609466e-18
-8.77351178781234e-18
-0.00010476873000079625
-1.3027049520546406e-17
0.00014249020618461894
7.492685730868854e-18
-8.788695499497047e-18
7.141218845623794e-19
2.347614415388817e-05
0.00011655745160339097
-9.93708272236246e-18
0.0003858504847107016
5.699929747595788e-05
2.755315555070908e-18
-5.443783589134074e-18
3.784810272590622e-19
1.996309392682458e-05
5.805514964095314e-05
4.003069166927438e-18
0.00014185766446322994
-4.003148224881699e-19
-3.8855986338971544e-19
-6.74208934402439e-19
-3.576974187939115e-18
1.425479751068599e-20
-3.3743040291947434e-19
-1.1966940960075162e-18
-1.2179977375866182e-18
6.3194204472002065e-18
-6.690005991901672e-05
-0.00023235287430719388
1.2378238396756584e-18
-1.1828780347265866e-17
-1.8381526886704056e-18
-7.735595706764926e-05
1.4879445002597194e-17
-1.4592391768707144e-18
6.194898031592754e-05
0.0002300557091407781
-1.1057043746767492e-18
5.368696545624398e-18
5.598994106563505e-18
-0.00013111486740980278
4.74534675462203e-18
0.0002808487595290908
1.840815585505754e-17
-3.8449927446852014e-18
1.2850102423699127e-18
3.098480797444619e-05
0.00023189003601164224
9.55397902114947e-20
0.0007773881264428227
2.398473333852374e-18
-2.3079554433411874e-05
-6.463102115817088e-05
4.575982110774896e-19
-4.137077165369124e-18
-6.747792027022031e-19
-0.00024514059053803164
-7.007532020156714e-18
-0.00010096763786851834
-1.2799985917030291e-17
-2.5241745355776104e-18
-7.822516448786304e-19
5.658939355780426e-05
-0.00030002461030298954
-6.305911213646024e-18
-0.00025481824441801076
-1.0538310280792776e-17
0.00014872892873389173
0.00018879278820780755
-1.0449824366405363e-18
1.1227263515251863e-17
-9.58731767516254e-18
0.00016013091094488726
-1.5080712205996626e-17
3.226969805103643e-20
5.02437484782318e-05
5.3698248423035926e-05
1.2913154411062344e-18
2.6811121441874387e-18
8.17502748739429e-18
6.0628489894325955e-05
1.5096717671451432e-18
-9.869979669700634e-19
-4.604962092658863e-19
9.311006667985484e-19
0.0003595712896873317
-3.034387814923186e-18
-5.1955471886295955e-18
-2.9511369148978323e-19
-2.5517769647119535e-18
-0.00014944526615307376
-5.867188035772893e-18
1.5227144646697414e-17
-4.838630535365575e-18
7.80932653374432e-05
-0.0005260984061610293
7.717043543797286e-18
-0.000505947209195331
9.332404701204933e-05
1.2774548627034892e-17
7.243266420210133e-19
-3.082912412064489e-19
-6.02734741933868e-06
0.00030206768357635746
1.165943402189935e-18
0.0004389483879987566
-1.806247969612555e-17
0.00035981342302934545
0.00041236603606918014
-2.11292836343579e-18
1.225689637443949e-17
2.265041337921499e-17
0.0003710881896751508
4.400527760099846e-18
-5.888626865935687e-05
-4.605357387293503e-18
1.2247566594173984e-19
-1.342959762578485e-19
0.00014119470635746574
-0.00032268654249840593
-2.015892911434776e-18
-0.00016157519072887186
3.2252900965668086e-20
8.122124281706894e-21
-4.56086423724596e-19
-0.00010534690271553443
9.557618619063358e-19
3.7578699247314915e-19
-8.686406718866858e-20
-5.609239133911078e-20
8.66720590923891e-20
1.5667732925057723e-19
1.9975035617590463e-19
-6.913989173759539e-18
1.0605318851584037e-19
1.1367188744443844e-19
1.1856790551034936e-19
8.45274577059847e-20
2.075775928330074e-18
7.263931757649678e-20
1.3489422342991973e-19
5.694989659388531e-18
2.1363321961864012e-18
2.504883851221306e-18
-3.757535554411139e-21
2.9067731350535053e-18
0.0004597449804786313
2.781865060337492e-17
-2.4046349081940995e-17
5.6243121605659324e-18
0.00047386013318028293
0.0005570442135745987
-7.591354289429943e-18
0.0006487800398089084
-4.095831856203339e-18
2.755429899019657e-20
-2.8599739039300576e-19
-7.476393224310213e-05
-3.2709956121634807e-18
-4.78243765421885e-18
-6.201436668225508e-20
-6.219852083116489e-18
-2.2725175430836957e-18
-3.165126461187802e-20
-6.512640071921793e-19
-0.00013128937361752817
-1.3516586362352733e-18
-1.9034584349455125e-18
-9.471028355871121e-20
-2.938439260298672e-18
3.937348205579747e-19
2.8502616027937455e-19
3.412197809761907e-19
6.415795313922465e-18
4.344815498934761e-19
4.824785597933804e-19
3.0735389033475475e-19
4.558165237839968e-19
-9.234139845347297e-20
-5.067390212699935e-21
-1.1769709112498364e-18
-0.00026084251196257054
2.06572564818132e-18
9.249200382550568e-19
-2.093364060267744e-19
2.0006803609246918e-19
9.132659264873902e-05
-1.2230115754212569e-17
2.1538346849890025e-19
9.088462743682224e-19
0.0003526771454115005
-0.0004579691005066424
-2.977484610801797e-17
-1.426800577043639e-05
-7.894203816227734e-18
0.00028688220660162147
9.106796819660952e-05
-7.163138649686117e-19
2.458397369242124e-17
-1.6220156351828127e-17
0.0007056479337329393
-9.758515115864095e-19
-1.8710663731500642e-18
6.0285254487157926e-05
-2.716199620518304e-06
3.998245766634877e-18
-1.4277717565950863e-18
4.1190019915691014e-18
0.00018102557816890695
-6.549072727598297e-19
5.190634821957315e-19
-4.994737235205226e-19
4.10788848649755e-18
0.0009374416806377823
-6.251186840308016e-18
-8.208837673802756e-18
-9.341820699575432e-19
-8.147316284023357e-19
0.00017665358593525182
1.1687830374496549e-17
3.857665002207224e-18
-7.157333605780919e-18
0.0005084616776169076
-0.0006367007772668609
1.2804466813710758e-17
4.111903714427001e-06
-0.00023885460187471891
-9.658492829635009e-18
2.893188205006247e-18
-6.95197032113509e-18
-0.000474844669813238
0.0003538904477847153
1.2908263810664657e-17
-0.00020524002279553524
-2.1272995701031525e-17
0.0004382768954093409
0.00014965020099017622
-7.309149844914565e-19
1.0461842266695847e-17
1.1454862935429743e-17
0.0009808089903955214
-4.644257827640374e-18
-4.84152660344875e-05
-7.311335734038787e-18
7.067656595863034e-18
-6.589985762658111e-19
9.646052830719231e-05
-0.0003501955003011163
8.100917927019672e-19
-0.0002796281950952473
-0.016336589806509424
-4.351695321767058e-16
4.543566238178757e-16
-1.0427246120694951e-16
-0.012372678181475725
-0.0009740558478463006
4.3340692911208113e-16
-0.010108475100759377
-6.158178123965396e-16
-0.008017535278043332
-0.0033544142059122803
2.1127430443205095e-17
-7.958866771935925e-16
-2.0898048443892153e-16
-0.007107770670511507
-4.904005502799693e-16
5.14886368213334e-16
-0.0033544142059123124
-0.0073058519815096526
3.403872468806386e-19
1.6758650409543264e-16
-8.923470360602001e-18
-0.0031384884758761888
2.0586179939153892e-16
-1.0427246120695063e-16
2.112743044320507e-17
3.403872468802448e-19
-0.008788776273461507
-5.117325837188106e-17
1.0484788274510091e-17
1.5915657299198776e-17
-6.080984248240352e-17
-0.012372678181475786
-8.296068976950808e-16
1.6101576742588918e-16
-5.117325837188127e-17
-0.015209536079717674
-0.0006297683578761028
-2.238941637322775e-17
-0.006672567343188775
-0.0009740558478463324
-2.1143136308318378e-16
-2.82046942134639e-17
1.0484788274510107e-17
-0.0006297683578760976
-0.006150784198475397
-8.928034339489135e-17
-0.0016687014968059188
5.134666117806933e-16
-0.007107770670511513
-0.0031384884758761922
1.591565729919885e-17
-2.9648623594550533e-17
-8.508364261192062e-17
-0.009125789526735418
9.644446689918049e-17
-0.0101084751007594
-4.9427188586914525e-16
2.00621801386874e-16
-6.080984248240316e-17
-0.006672567343188736
-0.0016687014968059185
1.060503686920894e-16
-0.012661008351919602
1.3010883259279488e-15
-0.017829299188867307
-0.0024517838294203704
2.194354727268055e-17
8.414392260528503e-17
3.915109716578675e-17
-0.015342432907158527
3.654235316262022e-16
-0.01024680866173204
-1.5369050981219764e-15
6.080212118248808e-18
-6.198700611908602e-17
-0.005960932051332664
-0.00304457797649316
-8.136741623225179e-16
-0.005737719891014443
-0.0058485459887714225
5.894391983408486e-17
9.335232958084673e-16
-1.2713227730521502e-16
-0.012421680330615035
-0.005155443094263403
5.787417873302621e-16
2.2066504316191416e-05
3.589311800620837e-17
-1.137984594114788e-16
-1.1187101678195893e-16
2.8019872126535716e-17
6.748847685953001e-17
2.9315911627456425e-17
-1.2976487965245783e-16
4.179200063075093e-18
2.8712602555960113e-16
-0.010979944821580417
-0.010337713207386252
6.009482576907852e-17
-8.511277639183789e-16
-5.368548232184654e-16
-0.01159391989365561
2.0608559679083327e-17
6.055190943706112e-17
-0.005541965019959467
-0.005174781331256436
3.112440118670893e-17
-6.243033966067406e-16
-3.125651930888901e-16
-0.007637072621683527
5.809422292487414e-17
-0.009760891492490995
-3.670490542806551e-16
4.3811331707461147e-16
-8.341756444410568e-17
-0.0071649788876359454
-0.005190727889880366
3.0938032810597075e-16
-0.0071153449950279125
6.364144676707334e-16
-0.011558317592658303
-0.0014095090854712863
1.5572638208937138e-17
-1.5538471556294136e-16
-1.5499400112255772e-17
-0.014345575327009084
6.090959800093222e-17
0.016113371263511107
7.798184108354136e-16
1.3711547974986587e-17
8.62880898833395e-17
0.014141418296893653
-0.009090786406747318
-9.257027866246243e-17
0.0018253785463505229
7.845926595376132e-16
-0.0024943444140373143
-0.003008982602458339
1.5238852671241013e-17
6.209924390009045e-16
-6.77427851219958e-16
-0.001535322841766366
4.024762433682543e-17
-3.984276403571153e-16
0.0008823739762693451
0.005126688475407789
-4.0979993108016894e-17
-3.924626414779727e-16
2.1187745839728211e-16
0.0020643565383915066
1.1514062164692022e-16
9.93794092064508e-17
-4.5278024870783715e-18
-3.974208422990031e-17
-0.003083013638413191
1.710402189651118e-16
-1.63426602069795e-17
-1.0931804154715815e-17
9.54913093733915e-18
0.011970594377175584
5.546806383334143e-16
-2.605344130347676e-16
1.4731851369489478e-16
0.013587589981025498
0.00014269244520768092
-1.4314534800668232e-16
0.004040613724145487
-0.0009282453151427785
-1.0357419943311485e-16
1.303387208871119e-16
3.291222659503717e-17
0.006226596594663539
-0.008418865091765681
6.154969103858478e-19
-0.006852020431094763
-1.561867330077907e-16
-0.000409159251120147
0.001236489425499279
-6.885386936813893e-18
-1.9130576864592447e-16
7.595673277910688e-17
-0.002366575213826199
-5.3073340733843456e-18
0.006324445392173654
1.8735316622884891e-16
1.171541759832336e-16
3.082378930899425e-17
0.009785373783162509
-0.013841308118544011
-5.414619781616024e-17
0.00020434210343704112
8.838834352096936e-19
-7.173550918237183e-18
-8.47689598100635e-17
-0.01964227139686907
1.7544745556190886e-16
8.519316925223435e-17
-1.4611589901858587e-17
5.4743809962265075e-19
-2.513953264836966e-18
-4.176272151371246e-18
-3.662367689276565e-18
-1.1026250875956358e-15
-3.320292106268445e-18
-2.649515479280106e-18
-1.7867981007230652e-18
4.461466504595758e-19
-4.35779292810895e-17
-6.884292754363937e-19
3.397290368765074e-18
3.614904377263388e-16
-2.174980101187857e-17
-2.3179117857218297e-17
1.1003712340357576e-18
-4.8269530968761157e-17
-0.009659102421716949
-5.414881811765647e-16
2.242416343303382e-16
-1.8839763510883302e-16
-0.005130087465012
-0.005208428218001686
7.325356962896512e-17
-0.01028608410341465
8.652275115014953e-17
-3.813525942863295e-18
-4.6685956923714436e-17
-0.010484173991592675
1.4839233747291202e-16
9.836496691640566e-17
-7.929031986448137e-18
8.747120110873222e-17
4.504742741234705e-17
-2.3818372478402786e-18
-3.4038265908211356e-17
-0.007679904620329863
9.752924818480619e-17
5.733456551052746e-17
-5.569955000696024e-18
4.651903136731861e-17
-7.051547141015885e-18
-1.2850149616161568e-18
6.500558762799311e-19
1.5069752130756021e-16
-3.980520737523426e-18
-3.6959843027824264e-18
-2.4534422504006802e-18
-7.694239619504152e-18
-1.4288442068138311e-18
-3.637636971796751e-18
-9.209624994499111e-17
-0.020406777054608107
1.8234703249058422e-16
9.137154213214321e-17
-1.5778345896732435e-17
-2.3014408977828228e-18
-6.209966832107227e-18
0.00014249020618461975
5.6999297475958106e-05
-4.0031482248817385e-19
6.281137296051748e-18
-1.6526255849179876e-18
0.00028084875952909206
2.090101278705324e-19
-2.803612086383305e-05
7.968651981270623e-18
2.6786434301827805e-18
-3.8855986338971e-19
-6.690005991901688e-05
6.194898031592814e-05
1.7954580505862965e-17
-2.3079554433406087e-05
-0.00011347445123324867
-8.80786353071908e-18
-5.759085051793262e-18
-6.742089344024323e-19
-0.00023235287430719363
0.0002300557091407789
-4.5767975518518295e-18
-6.463102115817012e-05
6.42979247661573e-19
7.1412188456236575e-19
3.7848102725906733e-19
-3.530955270815766e-18
1.2378238396756535e-18
-1.1057043746767594e-18
1.2850102423699198e-18
4.575982110774671e-19
-7.906584464972209e-18
2.3476144153886995e-05
1.9963093926824765e-05
1.4254797510683794e-20
-1.2039059135709647e-17
5.103661753919521e-18
3.098480797444654e-05
-4.7796457735345e-18
-8.689885232981087e-18
0.00011655745160339067
5.805514964095314e-05
-3.3743040291946977e-19
-1.6806921048867902e-18
6.02402961117531e-18
0.00023189003601164208
-6.202742865741621e-20
-0.00010476873000079444
-9.596901210466531e-18
3.0151326772524892e-18
-1.1966940960074885e-18
-7.735595706764701e-05
-0.00013111486740979952
-6.986537357474036e-19
-0.0002451405905380262
-1.4753818257938438e-17
0.00038585048471070124
0.00014185766446323016
-1.2179977375866167e-18
1.4890668908416677e-17
4.845668087776107e-18
0.0007773881264428204
-3.197856180001846e-18
1.3172282751812755e-15
-0.010246808661732032
-0.005848545988771419
3.58931180062083e-17
2.758141074290282e-16
5.821686478995146e-17
-0.00976089149249102
6.261270657955553e-16
-0.01782929918886741
-1.576013784733974e-15
6.300138629427164e-17
-1.1379845941147875e-16
-0.010979944821580398
-0.005541965019959466
-3.4340191227563654e-16
-0.011558317592658312
-0.0024517838294204125
5.580348128732735e-17
9.135856831815755e-16
-1.118710167819588e-16
-0.010337713207386242
-0.005174781331256446
4.3647449289267913e-16
-0.0014095090854712574
2.1943547272681396e-17
-6.198700611908599e-17
-1.2713227730521502e-16
2.925772773942014e-17
6.009482576907806e-17
3.1124401186708984e-17
-8.341756444410559e-17
1.557263820893691e-17
1.183310529554611e-16
-0.005960932051332634
-0.012421680330615052
6.748847685952983e-17
-8.762808286446299e-16
-6.282145592813252e-16
-0.007164978887635943
-1.1204614420308171e-16
6.785657936092126e-17
-0.003044577976493137
-0.005155443094263402
2.931591162745622e-17
-5.600910163752361e-16
-3.078436255388739e-16
-0.0051907278898803665
7.447301819833692e-18
-0.015342432907158622
-8.373213043275364e-16
6.354258237406268e-16
-1.2976487965245769e-16
-0.011593919893655592
-0.007637072621683526
3.221546837734626e-16
-0.014345575327008944
3.597326284612101e-16
-0.005737719891014493
2.2066504316227795e-05
4.179200063075022e-18
4.096189683594049e-17
6.322617763048388e-17
-0.007115344995027864
4.9860139097858216e-17
-0.020616111555751115
1.0207930667770187e-15
1.463037636388798e-15
-1.4808259545481158e-16
-0.014511375606311343
-0.005709516595469586
1.454003494543222e-15
-0.003448648845008847
1.0281701939925454e-15
-0.04319164418521414
-0.017741652334072554
1.0532465539155443e-16
-1.5618377128461997e-15
-8.319377349154891e-16
-0.02562814505399493
7.07250515346331e-17
1.4545787734648284e-15
-0.017741652334072513
-0.027774269200801404
1.3259538201370018e-16
-1.8804576799555054e-17
-3.699809527620046e-16
-0.010387459477392834
1.4232778926596277e-16
-1.480825954548109e-16
1.0532465539155424e-16
1.325953820137002e-16
-0.003220065153209102
-2.0909976239983577e-16
-8.858595836431681e-17
6.655497489600673e-17
-6.258545821589179e-19
-0.014511375606311296
-1.543295111154547e-15
-1.4536017452780876e-17
-2.0909976239983572e-16
-0.023293118996307337
-0.008778264775686783
-3.656465347791786e-16
0.0005743306688923128
-0.005709516595469571
-8.22508541917669e-16
-3.5740362795720627e-16
-8.858595836431688e-17
-0.008778264775686787
-0.006669071697419403
-1.8199691806884603e-16
-0.0011708691880169134
1.4406995763259192e-15
-0.02562814505399485
-0.010387459477392828
6.65549748960062e-17
-3.925631490958488e-16
-1.9684810381738465e-16
-0.02762681301622371
1.7692537919721752e-16
-0.003448648845008913
6.411640756403917e-17
9.802173215274148e-17
-6.258545821581831e-19
0.0005743306688923467
-0.0011708691880168928
1.7924250313475323e-16
-0.005258088851745984
-2.0568606659213197e-15
0.014190808223625546
0.010488906968443715
-5.5414372993041916e-17
-7.588309216751898e-16
1.0165705272088596e-15
0.0034308166920858692
-6.667912652059883e-18
0.022852455936175516
1.2945861978939067e-15
3.742172135242459e-16
1.0079883284786823e-16
0.019078410600623305
-0.016163629479743685
-4.740052610993524e-17
-0.001838887056475735
0.010135854434749993
-3.870651049749785e-17
-1.2651338959671164e-15
1.2700947360988057e-16
0.014410007576886685
0.0006730402932123793
-3.3431205564267953e-16
0.0003452115508662624
-5.716972111216741e-17
1.161730553711287e-16
1.7009563801500376e-16
1.8020773375472746e-17
-8.372652771041892e-17
6.175589900928989e-18
5.351924361358587e-17
8.953148340879064e-19
-5.140047143965112e-16
0.013724130557541134
0.017036760381248343
-9.213226950826581e-17
1.0006830806371696e-15
2.12419769727328e-16
0.007856350762124011
-1.2960372129841863e-16
2.6388517438693134e-16
-0.0008707622341432352
0.005415604298318896
-2.5974046288695962e-17
4.321774175477742e-16
1.861474732084955e-16
-0.0038053358560117853
1.8831526273164714e-17
0.010259792331824395
2.30791439292971e-16
-2.8745651402054333e-16
8.116511128129596e-17
0.017417847013616435
-0.017566107627677477
-1.9960446068290253e-16
-0.004164172236635748
-1.88898375114535e-17
-0.0021383153960732484
-0.0021272967984639966
1.3169988260710668e-17
-2.4620029611251356e-16
3.4925973291056317e-17
-0.003220358672524863
5.775312425640055e-17
2.564593558586266e-18
7.704990003618328e-18
6.852724951449404e-18
1.1758244890422375e-15
-6.674302003305086e-19
5.467953121578116e-19
2.371146665593102e-19
6.522416088609971e-19
2.95625687043966e-18
-1.3332138746264785e-17
-1.0563205971194883e-16
-0.025371614922770066
2.3177398115910704e-16
1.0556589279056338e-16
-2.1510002976741148e-17
-4.014426703583352e-18
4.6010034340436234e-18
-2.953541981295016e-17
-1.8564195333899087e-17
-0.00363916735838468
4.3086635466989617e-17
1.8349757638412782e-17
-3.8182306142736724e-17
-4.1943547826903165e-19
3.4730075520677317e-16
-0.006473954861183823
-0.0011953314676265852
4.453728832411631e-17
-1.0229108028267531e-16
-1.258182778664916e-17
-0.0075791478416012865
4.95873524827494e-17
-5.625166264925995e-20
6.66247759087475e-17
2.690006054288613e-17
-3.575132335692062e-16
-9.292458515400847e-20
3.701092078721954e-19
7.001565442983734e-17
5.095425950692445e-19
4.812338757008683e-19
3.159830468386509e-17
1.0188932545159145e-17
-6.918069929933214e-17
-3.254061354824472e-19
-3.3687206641321142e-19
3.4931614359704203e-17
3.25886204130235e-19
-2.1757138861363057e-18
-1.2564055365237316e-17
-1.193363863515023e-16
-0.02627314959739279
2.422382379584565e-16
1.1743979460254457e-16
-2.585202600049401e-17
-6.7951045530607615e-18
-3.883492237837855e-19
-3.1425890419200717e-18
-2.1883671659296874e-18
1.7275189083172739e-16
-4.618561170738623e-20
-9.912499341772993e-20
-3.636005632241288e-18
-8.108037076553006e-19
-0.00010096763786851874
-1.1183394485632449e-17
-7.270792331419046e-19
-9.86997966970055e-19
-0.00014944526615307395
9.33240470120502e-05
-1.785414413226156e-17
-5.88862686593552e-05
-1.2333682639497412e-17
0.00014872892873389186
5.024374847823211e-05
-4.604962092658809e-19
-5.5638102738699e-18
1.3809727187471104e-17
0.00035981342302934545
-2.222737356578614e-18
-2.9117210395357305e-18
0.00018879278820780755
5.36982484230357e-05
9.311006667985528e-19
1.5296759334699686e-17
7.201264944473865e-19
0.00041236603606918003
7.503240116150065e-19
-7.822516448786352e-19
-1.044982436640536e-18
1.291315441106236e-18
0.00035957128968733206
-4.8386305353655684e-18
-3.0829124120644997e-19
-2.112928363435791e-18
-1.3429597625783e-19
5.658939355780369e-05
1.0788984574637072e-17
2.4595053873801983e-18
-3.0343878149231867e-18
7.809326533744361e-05
-6.0273474193390834e-06
1.2405104585533846e-17
0.000141194706357471
-0.0003000246103029913
-8.701640168210377e-18
8.756476365076045e-18
-5.1955471886296024e-18
-0.000526098406161029
0.0003020676835763562
2.2175921213395336e-17
-0.0003226865424984128
-6.863462550749078e-18
0.00016013091094488715
6.0628489894325637e-05
-2.9511369148978443e-19
7.746799632511208e-18
5.691940528098255e-19
0.0003710881896751504
-3.2985623027625274e-18
-0.0002548182444180097
-1.3753459764551087e-17
2.0711021594334442e-18
-2.551776964711984e-18
-0.0005059472091953314
0.0004389483879987522
3.800361710838848e-18
-0.00016157519072887595
0.01611337126351116
8.093417368782552e-16
-3.842209344979396e-16
9.937940920645074e-17
0.01197059437717558
-0.0009282453151427719
-1.6412388427198843e-16
0.006324445392173607
7.216920001299821e-16
-0.0024943444140373685
0.000882373976269357
-4.527802487078525e-18
5.585094185339348e-16
-1.0641905671857016e-16
-0.0004091592511201283
2.341558705501226e-16
2.784008334494316e-18
-0.003008982602458362
0.005126688475407805
-3.974208422990043e-17
-2.656743394578641e-16
1.320475978625168e-16
0.0012364894254992909
9.206830003454364e-17
8.628808988333999e-17
1.5238852671241478e-17
-4.097999310801708e-17
-0.0030830136384131968
1.473185136948949e-16
3.291222659503718e-17
-6.885386936814103e-18
3.082378930899342e-17
0.014141418296893705
6.442203722173957e-16
-4.1897109450267323e-16
1.7104021896511201e-16
0.01358758998102549
0.006226596594663533
-2.0065239686476177e-16
0.009785373783162389
-0.009090786406747282
-7.088003051734514e-16
2.4211940244687193e-16
-1.6342660206980067e-17
0.00014269244520766997
-0.008418865091765693
8.794198765258743e-17
-0.013841308118544036
-7.148722061693732e-17
-0.0015353228417663534
0.002064356538391502
-1.0931804154715744e-17
-1.442107667673788e-16
5.2617366381694315e-18
-0.002366575213826199
-8.92590510950088e-17
0.0018253785463504865
1.177715350490773e-16
6.032333716644952e-17
9.549130937339525e-18
0.004040613724145461
-0.006852020431094736
-5.38047898397148e-17
0.00020434210343700678
-2.044461278613947e-15
0.022852455936175558
0.01013585443474999
-5.716972111216745e-17
-5.166991135457187e-16
2.688670789841767e-16
0.010259792331824395
-1.943740814477141e-17
0.014190808223625555
1.2890048690127825e-15
-5.52300348285774e-17
1.1617305537112892e-16
0.013724130557541146
-0.0008707622341432256
2.160735212987567e-16
-0.0021383153960732623
0.010488906968443708
3.3786961492970616e-16
-1.2733538916177269e-15
1.7009563801500367e-16
0.017036760381248347
0.005415604298318898
-2.148645889267901e-16
-0.002127296798464001
-5.5414372993041953e-17
1.0079883284786838e-16
1.2700947360988047e-16
1.7305832424979817e-17
-9.213226950826581e-17
-2.597404628869591e-17
8.116511128129543e-17
1.3169988260710922e-17
-7.609946058404626e-16
0.01907841060062335
0.01441000757688671
-8.372652771041904e-17
1.0001315035091455e-15
4.3681393719421096e-16
0.01741784701361644
-2.2578994852024937e-16
1.0144728831679145e-15
-0.016163629479743702
0.000673040293212344
6.175589900929166e-18
2.013364558314631e-16
1.812396386269239e-16
-0.01756610762767755
4.2401459802498976e-17
0.0034308166920858775
-3.915849203317525e-17
-3.181544981218119e-16
5.351924361358578e-17
0.007856350762124011
-0.003805335856011793
-1.9960446068290253e-16
-0.0032203586725248795
-7.352375943707271e-18
-0.0018388870564757444
0.0003452115508662769
8.953148340880291e-19
-1.2385432761045684e-16
2.1386029035964717e-17
-0.0041641722366357265
4.4959338785221644e-17
-0.02272135207025648
3.453227816824919e-16
1.117730455884833e-15
-9.731509937843774e-17
-0.014873174208941464
0.0075972237441744965
4.555518271787306e-16
-0.0021958469632582895
3.3230377872724684e-16
-0.01762116575347819
-0.013776274111946358
7.239056045591466e-17
-7.763966969828911e-16
-2.412623403318824e-16
-0.00562652326661447
-1.0743454146862735e-16
1.1246779108023707e-15
-0.013776274111946363
-0.016673721976301268
6.078192879378176e-17
-1.295641535473934e-16
2.7826874181096174e-17
-0.0040425223026023605
1.4205450009758184e-16
-9.73150993784381e-17
7.239056045591459e-17
6.078192879378174e-17
-0.005934684488737916
-6.59556670311307e-17
4.477113438511631e-17
1.9318528208954567e-17
-5.709517936174412e-18
-0.01487317420894145
-7.804779913175932e-16
-1.0878849408770273e-16
-6.595566703113058e-17
-0.0222579988493992
0.018107726670242585
6.113970709061568e-17
0.0031153440929188084
0.007597223744174463
-2.500768734103954e-16
1.7341694752973408e-18
4.477113438511629e-17
0.018107726670242574
-0.034374152419100204
-1.7653546738591494e-16
-0.007709903850447394
4.664650902182773e-16
-0.005626523266614473
-0.0040425223026023666
1.9318528208954515e-17
5.666500359788932e-17
-1.8188377266538737e-16
-0.005208310169085968
1.3999528588731912e-17
-0.0021958469632583104
-6.887758467070664e-17
1.4073880381780436e-16
-5.709517936173866e-18
0.003115344092918883
-0.007709903850447404
1.077444420007047e-18
-0.006669780553254888
1.1341341717507512e-18
5.730423186627803e-18
4.8503163088172956e-17
0.01234361402608484
-1.0815190863748355e-16
-4.8102921095220756e-17
1.0017395546352113e-17
3.5031809511647945e-18
-2.2249326485515005e-18
-1.2466314308473352e-17
-1.1601854220614786e-17
3.387806685255894e-16
-1.2173580226546729e-19
-2.6800452220289042e-18
-2.1267999721580785e-18
-6.20976973332076e-19
1.3870882294167465e-18
-1.1016484126288212e-17
-1.440444791574619e-17
2.0638707862057045e-16
1.8565415966629137e-17
-4.513509860581111e-17
-3.360651294862792e-18
-1.3222351335988889e-17
0.000562332727624348
-5.39414376347466e-17
1.288135783269417e-16
5.363515531103478e-17
0.004146642431275557
-0.009507970069275064
-2.5142155174396424e-17
-0.0027547795282252038
-3.3970208260213132e-18
5.422349784888164e-18
8.733824574048196e-17
0.01960236580701498
-2.1662006859247574e-16
-1.2324517749712002e-18
1.4596786006302758e-17
2.7800117495904845e-17
-4.930913554342566e-18
-8.053427371144935e-18
-1.2535136416453998e-16
-0.02808241569475457
2.393499545593544e-16
1.6637711648795144e-16
-2.1585480817741476e-17
5.2821065098319314e-18
5.682359728477565e-19
-2.095888897406492e-18
-4.038978048110572e-18
-1.3147351764932679e-16
2.2381875986918523e-18
-7.394412256029672e-18
-6.214565416718362e-19
-1.735529262933677e-18
2.2238482930075907e-18
-1.5763978743421463e-18
-2.2388833478631743e-17
-0.0050336243445899785
4.607617707889831e-17
1.9166516339784466e-17
-3.4537933479589417e-18
4.985242296899075e-18
3.225290096566802e-20
8.66720590923872e-20
2.0757759283300727e-18
0.00045974498047863095
-4.095831856203335e-18
-2.2725175430836984e-18
3.9373482055797574e-19
-9.234139845347342e-20
8.122124281706215e-21
1.5667732925057718e-19
7.263931757649682e-20
2.799762866217024e-17
2.7554298990200225e-20
-3.1651264611878545e-20
2.850261602793744e-19
-5.067390212699464e-21
-4.560864237246035e-19
1.9975035617591067e-19
1.348942234299165e-19
-2.4235609595704542e-17
-2.8599739039299777e-19
-6.512640071921726e-19
3.412197809761873e-19
-1.1769709112498085e-18
-0.00010534690271553616
-5.258501278436365e-18
4.978116566788391e-18
5.624312160565935e-18
-7.476393224310142e-05
-0.00013128937361752866
5.354166126455838e-18
-0.0002608425119625736
9.557618619063325e-19
1.0605318851582863e-19
2.1363321961864027e-18
0.0004738601331802831
-3.2709956121634853e-18
-1.3516586362352681e-18
4.344815498934859e-19
2.0657256481813554e-18
3.757869924731559e-19
1.136718874444364e-19
2.504883851221307e-18
0.0005570442135745985
-4.782437654218856e-18
-1.903458434945516e-18
4.824785597933799e-19
9.249200382550605e-19
-8.686406718867408e-20
1.185679055103525e-19
-3.7575355544123856e-21
-7.701945840816272e-18
-6.201436668225494e-20
-9.471028355871046e-20
3.073538903347529e-19
-2.0933640602677332e-19
-5.60923913391122e-20
8.452745770598462e-20
2.9067731350535023e-18
0.0006487800398089064
-6.219852083116491e-18
-2.938439260298666e-18
4.55816523783996e-19
2.0006803609246743e-19
8.83883435209654e-19
-2.5139532648369163e-18
-4.3577929281089444e-17
-0.009659102421716925
8.652275115014943e-17
4.5047427412346966e-17
-7.051547141015863e-18
-1.4288442068137793e-18
-7.173550918237246e-18
-4.1762721513712455e-18
-6.884292754364228e-19
-5.443001332314783e-16
-3.813525942863315e-18
-2.381837247840309e-18
-1.2850149616161485e-18
-3.6376369717966505e-18
-8.476895981006342e-17
-3.662367689276081e-18
3.3972903687648737e-18
2.2180835607930029e-16
-4.668595692371453e-17
-3.403826590821155e-17
6.500558762797292e-19
-9.209624994499149e-17
-0.019642271396869034
-1.0166191927530757e-15
3.350123998612043e-16
-1.8839763510883278e-16
-0.010484173991592703
-0.007679904620329893
1.1464873662649516e-16
-0.02040677705460815
1.7544745556190807e-16
-3.3202921062691655e-18
-2.1749801011878556e-17
-0.005130087465012002
1.4839233747291237e-16
9.752924818480653e-17
-3.9805207375231556e-18
1.8234703249058543e-16
8.519316925223403e-17
-2.6495154792806482e-18
-2.3179117857218167e-17
-0.0052084282180016785
9.836496691640588e-17
5.733456551052761e-17
-3.695984302782221e-18
9.137154213214356e-17
-1.4611589901858476e-17
-1.786798100722976e-18
1.1003712340357418e-18
7.413229074724834e-17
-7.929031986448166e-18
-5.569955000696063e-18
-2.4534422504007084e-18
-1.577834589673262e-17
5.474380996226577e-19
4.461466504596462e-19
-4.8269530968761157e-17
-0.010286084103414646
8.747120110873215e-17
4.65190313673186e-17
-7.694239619504189e-18
-2.3014408977829495e-18
2.564593558586287e-18
2.9562568704396605e-18
4.601003434043663e-18
3.51414386759299e-16
-5.625166264929199e-20
4.812338757008378e-19
-2.175713886136337e-18
-3.8834922378379157e-19
7.704990003618316e-18
-1.3332138746264812e-17
-2.953541981295016e-17
-0.0064739548611838175
6.662477590874749e-17
3.1598304683865066e-17
-1.2564055365237317e-17
-3.142589041920079e-18
6.852724951449436e-18
-1.0563205971194881e-16
-1.8564195333898976e-17
-0.0011953314676265842
2.690006054288603e-17
1.0188932545159099e-17
-1.1933638635150268e-16
-2.1883671659297864e-18
1.18249127268174e-15
-0.025371614922770097
-0.0036391673583847
4.453728832411615e-17
-3.8842032889552423e-16
-8.118240994113986e-17
-0.026273149597392825
1.578566144973805e-16
-6.674302003305626e-19
2.317739811591075e-16
4.3086635466989974e-17
-1.033843290113655e-16
-9.292458515379364e-20
-3.2540613548239465e-19
2.4223823795845656e-16
-4.6185611707220666e-20
5.467953121577815e-19
1.0556589279056362e-16
1.8349757638412717e-17
-1.2890192970102067e-17
3.701092078722835e-19
-3.3687206641320136e-19
1.174397946025448e-16
-9.912499341762938e-20
2.371146665593243e-19
-2.1510002976741204e-17
-3.8182306142736736e-17
-0.007579147841601285
7.00156544298373e-17
3.493161435970419e-17
-2.585202600049399e-17
-3.636005632241296e-18
6.522416088610159e-19
-4.0144267035834055e-18
-4.194354782690209e-19
4.606158101324478e-17
5.095425950692812e-19
3.2588620413027015e-19
-6.7951045530607685e-18
-8.108037076553302e-19
1.134134171750766e-18
-2.2249326485514705e-18
1.3870882294167756e-18
0.0005623327276243575
-3.397020826021297e-18
-4.9309135543425956e-18
5.682359728477595e-19
2.2238482930076173e-18
5.730423186627795e-18
-1.2466314308473402e-17
-1.1016484126288197e-17
-5.0488345062291407e-17
5.422349784888139e-18
-8.05342737114493e-18
-2.0958888974064677e-18
-1.576397874342145e-18
4.850316308817306e-17
-1.1601854220614986e-17
-1.4404447915746202e-17
1.2780279424087633e-16
8.733824574048215e-17
-1.2535136416453985e-16
-4.038978048110501e-18
-2.2388833478631574e-17
0.012343614026084826
2.9602759915497653e-16
2.0686522030257953e-16
5.363515531103478e-17
0.019602365807015007
-0.028082415694754552
-1.1586855836544607e-16
-0.005033624344589909
-1.0815190863748338e-16
-1.2173580226508326e-19
1.85654159666291e-17
0.004146642431275552
-2.1662006859247596e-16
2.3934995455935427e-16
2.2381875986917013e-18
4.6076177078897703e-17
-4.810292109522072e-17
-2.6800452220286527e-18
-4.513509860581113e-17
-0.00950797006927506
-1.2324517749713496e-18
1.6637711648795144e-16
-7.394412256029757e-18
1.9166516339784112e-17
1.0017395546352077e-17
-2.126799972158108e-18
-3.3606512948628048e-18
-2.7012708529870943e-17
1.4596786006302767e-17
-2.158548081774151e-17
-6.214565416718324e-19
-3.453793347958874e-18
3.503180951164824e-18
-6.209769733320841e-19
-1.322235133598891e-17
-0.00275477952822521
2.7800117495904765e-17
5.282106509831944e-18
-1.7355292629336886e-18
4.985242296899018e-18
-0.013052039060944496
-4.282538822141134e-16
3.332175552033106e-16
-7.699929081568672e-17
-0.006795698556175538
-0.0033777378230138663
2.400043686080013e-16
-0.006082592046292402
-4.2636775193562965e-16
-0.004643783680182155
-0.0017910513261711282
-1.8049587558486234e-18
-4.2527454527192516e-16
-2.6835352067073107e-16
-0.0035566232691820114
-3.3712071976527746e-16
3.2919355334292365e-16
-0.0017910513261711269
-0.0012916987513841003
-2.3346024146513465e-16
1.8220734214255195e-16
1.7041665284135493e-16
3.1476133143073343e-05
-3.741684455201081e-17
-7.699929081568657e-17
-1.804958755848581e-18
-2.3346024146513475e-16
-0.05344675630468655
4.1687805448179893e-16
1.939976047607474e-16
-3.720173480900864e-17
-2.3754349059607192e-17
-0.006795698556175535
-4.223081564511081e-16
1.8387906199493184e-16
4.168780544817988e-16
-0.006793379031477845
-0.0009919257744473078
2.1433215315074775e-17
0.0002010033370001456
-0.00337773782301386
-2.7116384580936325e-16
1.7404202731169931e-16
1.9399760476074747e-16
-0.0009919257744473058
-0.006978279126451184
2.359055159564348e-17
-0.002344916389497549
2.394589592118952e-16
-0.0035566232691820097
3.147613314307638e-05
-3.720173480900864e-17
2.2680164998729876e-17
2.1672674125361594e-17
-0.004757154243734523
1.8148687234464044e-17
-0.006082592046292368
-3.2446167363433765e-16
-3.112245813102909e-17
-2.375434905960713e-17
0.0002010033370001501
-0.00234491638949755
1.5170356206422688e-17
-0.012775991572365855
