-5.6286650258302644e-05
-9.792469967844438e-19
-2.5114639529031215e-18
-9.726311558744394e-19
-2.7781645629577924e-05
-0.00010806831950830951
-1.1029751935092378e-18
-0.00014139527016800824
-0.0038034191462985863
-8.469421694178757e-17
-7.039176033651206e-17
-1.1622734591793842e-17
0.0015666035096739796
-0.004637415210710456
5.2209992775961635e-18
0.0010695535699328195
2.0932294827115788e-16
-0.007330754277021944
-0.0028014435718961388
-1.201076469786425e-18
-1.4736771176841977e-16
-6.569083568960978e-18
0.008611151706262194
-5.13645430861633e-17
0.009791634070827018
2.1417623389003408e-16
8.94830988743559e-17
1.300898343534381e-17
0.00040351085297359236
0.00022784499556157442
-3.2430075135534454e-17
-0.005599187155798011
-9.009009344119955e-18
-8.771285724897709e-18
-2.317192288181873e-17
-0.006059326132599385
2.9684149422984e-17
2.4915547592901894e-17
-7.364871201149211e-18
-5.772326314014191e-18
