-0.0002342853100776771
-1.6591734885026966e-19
6.50547606776721e-18
-1.493361715178422e-18
-0.0003477936332616981
2.8900574161451295e-05
5.349645093583277e-18
-0.00044760740656946244
4.5878894919118064e-20
-0.0001619128184988543
-4.887949665059375e-05
2.8477487423018087e-19
-6.257247938515077e-18
1.603310866728403e-18
-0.00046511041506797616
-2.970225603026748e-18
6.305774374176876e-18
-4.887949665059369e-05
6.882466436622899e-06
-2.1727033900695556e-18
5.331945960871032e-18
3.878306479204184e-18
-0.00016270750026011212
1.320826500375738e-17
-1.4933617151784223e-18
2.8477487423018125e-19
-2.1727033900695556e-18
-0.001007866498406757
1.9520928194107435e-18
1.7307471333632987e-18
4.862319935824819e-19
-2.3175535130757164e-18
-0.0003477936332616982
-6.0847140196625836e-18
5.298557509798406e-18
1.9520928194107454e-18
-0.000631367196187344
0.0003840331946035727
-3.698215625992815e-18
-0.00045940433327535947
2.8900574161451295e-05
1.7648091505126233e-18
3.9368443201841005e-18
1.7307471333632994e-18
0.0003840331946035726
-0.0007518170763097849
-2.609871071851527e-18
-0.0003236139454313529
5.2307536874310295e-18
-0.0004651104150679762
-0.00016270750026011212
4.862319935824827e-19
-3.518481159633293e-18
-2.4484844166476625e-18
-0.0011364288077149929
4.809512729825387e-18
-0.00044760740656946244
-1.5816467048393708e-18
1.2796886808231603e-17
-2.3175535130757107e-18
-0.00045940433327535876
-0.00032361394543135223
3.805583129147361e-18
-0.0009371469457342672
9.789600910983382e-05
-2.036983450404975e-18
3.4653367891121697e-19
6.7126576633344045e-19
0.00017823261890835914
-0.00023989190996273575
-4.990152092686603e-18
-4.763568130678306e-05
-2.9667540384291452e-18
0.00029246118576904364
6.111599025866943e-05
-3.373145172552517e-19
3.735406433621991e-18
-3.653433506694631e-18
0.0004391702693886725
-1.382950276924789e-18
-7.044291265460644e-19
9.215389156082003e-05
-2.333973205188526e-06
2.0034363715263402e-18
7.268952893266091e-19
2.841896286331426e-18
0.0001495504015720848
1.855131348049414e-18
1.4075231257800593e-18
-4.717381482408763e-19
1.932470684873665e-18
0.0009410529289570892
-2.340988395355794e-18
-2.1504535386905627e-18
-4.015292488896028e-19
5.989008995945433e-19
0.000355146718744518
7.999626577190061e-18
5.350705000198028e-19
-2.2803602474943605e-18
0.000508226498963674
-0.00047451943493085713
3.062654516395656e-18
9.65419359127361e-05
-0.0004606686844197308
-7.400453353514625e-18
4.656874105791923e-18
-2.74698334890027e-18
-0.0006361014790092976
0.0003535448407548275
3.405711651146889e-18
-0.000349776213964533
-1.0309082999017057e-17
0.0007082545060859058
0.00018099843522773997
-5.541531525337654e-19
9.397330371676048e-19
8.775169357357153e-19
0.0009803891406021427
-7.065138507931462e-18
-1.3987640616270843e-05
-5.542301755288347e-18
3.4371892169777886e-18
2.229629377406472e-19
4.50991943470339e-06
-0.0002051586983889084
-7.8250416200117475e-19
-0.0002792192667639692
-4.336825444273987e-19
-2.802640780195331e-05
-0.00011517078584836816
3.1232852493844514e-19
-4.321487651935507e-19
-5.812060999337254e-19
-0.000104277832701266
-3.8717333778935214e-18
0.00014368215705404537
7.740840723269356e-19
-7.116952583402574e-18
-1.272117666003923e-19
2.331634843780598e-05
0.00011660791118374693
3.4365515963694885e-18
0.00038644774426156974
5.644266938330747e-05
1.240443579263112e-18
6.430250898501375e-19
2.027182227805153e-20
1.993502116061186e-05
5.799761466911646e-05
4.010865363954247e-18
0.00014176770592501378
-1.4012893155968381e-19
-4.566587359157496e-19
-8.352281035196377e-19
3.528544125506576e-18
1.0433340579230571e-19
-8.01983426415007e-20
-6.896514451125647e-19
-5.692659218709971e-19
3.9929443150966094e-18
-6.673733799479548e-05
-0.00023223941776472646
6.22199247395028e-19
3.4197465726850895e-18
2.256138281929219e-18
-7.704914856979801e-05
4.685386613920206e-18
-2.9461613969885066e-18
6.094250305847443e-05
0.00023005126494938822
-5.870135127333244e-19
-5.029283080672395e-18
-6.342611535777041e-19
-0.00013047993125584105
-7.801286053915322e-19
0.000280592362223583
5.305417110486063e-18
-7.206030473306601e-18
-3.3884957054246274e-19
3.086038574251543e-05
0.00023139468302898518
6.61133092668475e-18
0.0007764556730805261
-1.2637520162042273e-18
-2.4127438666087773e-05
-6.44587685101186e-05
1.9204642146816267e-19
-2.2497175845445285e-18
7.248227909542447e-19
-0.0002441965571392196
-1.4939684164868862e-18
-0.00010148539979491218
-2.2672939579506008e-18
2.1369360042206746e-18
4.539699868733243e-19
5.706529518687895e-05
-0.00030154007540318276
-3.2585638756243798e-18
-0.00025626928684217826
-7.6008375354890855e-19
0.0001534593844964927
0.00019165719291378098
-5.659033881303856e-19
7.486137633854487e-19
-2.658620108326162e-18
0.0001615447059873104
-6.865641971208895e-19
6.773962323633171e-19
5.229074967737031e-05
5.354680003486615e-05
6.263295326696419e-19
-2.2929779430396832e-18
4.271832970454375e-18
6.0790066791342e-05
4.6300028664916575e-18
-8.402307831905107e-19
-2.879270506548626e-19
3.899106470399052e-19
0.0003624607983028375
-1.5122182666444515e-18
-3.075515554104263e-18
-1.614748768286403e-19
-2.452056224308893e-18
-0.00014735504566712755
9.241666666961624e-19
1.0157240329977514e-17
-9.69115189878488e-19
7.86755020277304e-05
-0.0005263724891948443
-1.1388329693927182e-18
-0.0005054330003475622
9.196800698894111e-05
-1.0559121832909593e-18
-8.47079737584413e-18
-3.141462190555212e-19
-7.340301967886387e-06
0.00030246735278407447
6.012339207013726e-19
0.00043788912186529504
-2.4370087542997244e-19
0.00036171252545250847
0.0004125377215742923
-1.1115128725171145e-18
7.617675245951633e-19
3.237682084847128e-18
0.00037227021548347504
1.407118384316651e-17
-5.7416626033562006e-05
-1.3154117490304337e-18
1.578454702413033e-18
9.63224996876326e-19
0.00014083787148907017
-0.0003225030764457666
-4.8433157986439235e-18
-0.0001620116826997561
2.616287776807367e-20
7.731065347247374e-21
-2.0399675376791622e-19
-0.00010376842548271335
6.731092091271844e-19
-1.544165916985325e-19
-4.077643016588852e-20
-1.1752031376644165e-19
2.978801197566884e-20
1.8991959461949903e-19
2.0217086157359147e-19
-1.464500242726254e-18
5.711720365644533e-20
4.33762801074741e-20
2.551260986995716e-19
-1.933102346308705e-20
1.0160632813778663e-18
6.6169274086933e-20
4.1409735997566155e-20
4.417649525851288e-18
1.050404140171796e-18
1.2271409301242724e-18
1.0673614237810447e-19
1.4089885659779961e-18
0.0004609608062551882
5.0795882452956876e-18
-7.342801331111568e-18
1.247551976605444e-18
0.0004738657367974942
0.000556675256342634
-1.3917825245679777e-18
0.0006479074329824625
-1.999557713127679e-18
2.4577980926876365e-20
-1.0046320424473647e-19
-7.477902516203725e-05
-1.4877283162412593e-18
-2.905701554615624e-18
-2.912707194261322e-20
-3.15383204636806e-18
-1.5184016868994048e-19
-3.731769622162233e-20
-3.6598457758927424e-19
-0.00013110006422388282
2.499638906771625e-19
2.149501284026548e-19
-4.7018648706980244e-20
1.259194559358051e-19
2.28679687347827e-19
4.686505943292579e-19
4.536172812726831e-19
1.9745383421055073e-19
2.8814625094156826e-19
2.8559467754986397e-19
5.735394726471655e-19
1.9166573849036546e-19
2.3603043190515585e-19
-7.69520281556398e-21
-5.72055194219022e-19
-0.00026058474791881153
1.5664046120990227e-18
1.3581667803173466e-19
-1.0105486711916547e-19
1.4023025518572608e-19
9.789600910983482e-05
-1.6645865467249768e-18
-1.6937479478720983e-18
1.407523125780067e-18
0.000355146718744521
-0.0004606686844197258
-1.0805587311280192e-17
-1.3987640616251034e-05
-5.548442872561189e-18
0.00029246118576904386
9.215389156082008e-05
-4.7173814824087065e-19
9.756453623133682e-18
-6.074898264215498e-18
0.0007082545060859059
5.4150830902473935e-18
3.7120426479797646e-19
6.11159902586698e-05
-2.3339732051884175e-06
1.9324706848736635e-18
4.009305224538512e-20
4.011408417054945e-18
0.00018099843522774
2.060410813728099e-18
6.712657663334398e-19
-3.373145172552513e-19
2.0034363715263406e-18
0.0009410529289570892
-2.2803602474943597e-18
-2.7469833489002757e-18
-5.541531525337665e-19
2.2296293774062494e-19
0.00017823261890835863
3.740203383592234e-18
7.6786251416212515e-19
-2.3409883953557974e-18
0.0005082264989636728
-0.0006361014790093
6.5356644851552825e-19
4.509919434696744e-06
-0.00023989190996273808
-4.10732888699367e-18
3.38171090389495e-18
-2.150453538690566e-18
-0.00047451943493085757
0.0003535448407548266
1.1707250818113399e-18
-0.00020515869838890738
-3.0141610882662078e-18
0.00043917026938867213
0.00014955040157208494
-4.0152924888960626e-19
1.9311687670335226e-18
2.54744874865601e-18
0.0009803891406021418
-6.8574823116098115e-18
-4.763568130679457e-05
-9.149246753799908e-18
5.6973858203811406e-18
5.989008995945278e-19
9.654193591273386e-05
-0.00034977621396453917
-2.2773658660079604e-18
-0.00027921926676397136
-0.016229403280922833
-7.606789925044983e-18
1.6649975550820928e-16
-4.887763650309953e-17
-0.012436407188405768
-0.0009604807320209311
1.7687007691958086e-16
-0.010161152924979376
-1.4440616640458788e-17
-0.007933584964184065
-0.003336598904521066
1.2628952389198511e-17
-1.340792885504835e-16
8.264077699638467e-17
-0.007131440938324933
-2.173861387854919e-18
2.0184792783363498e-16
-0.003336598904521071
-0.007315205877561099
1.443505511588453e-18
1.3844523713530374e-16
6.193969447111475e-17
-0.003137539114177286
2.9974231915679565e-17
-4.887763650309975e-17
1.2628952389198325e-17
1.443505511588545e-18
-0.00881070516501309
-2.36607714850112e-17
-1.8924495417014825e-18
8.809997453025468e-18
-2.8608924279296006e-17
-0.012436407188405798
-1.5938390399994074e-16
1.6143414409943847e-16
-2.3660771485011215e-17
-0.015201233753018186
-0.000628114485758489
1.3094971797654803e-16
-0.006662360396725128
-0.0009604807320209015
4.184347471358393e-17
8.300340071844448e-17
-1.892449541701536e-18
-0.0006281144857585005
-0.006148651248828606
6.339442382798186e-17
-0.0016648919438310439
1.8945946022182926e-16
-0.0071314409383249205
-0.0031375391141772774
8.809997453025367e-18
1.2088208480926275e-16
5.301385088869889e-17
-0.009128344165979314
1.5824963091216086e-17
-0.010161152924979336
-1.1162233707587404e-16
1.2817823781621417e-16
-2.8608924279296314e-17
-0.006662360396725146
-0.0016648919438309708
8.347823272107338e-17
-0.012647617119404712
1.7838563038845616e-16
-0.017327074369741787
-0.002474487480307882
1.0374534328350105e-17
-1.3419164463362836e-16
1.060670998325673e-16
-0.015442865640366196
1.9321131486031197e-17
-0.010212072184291902
-2.57290157710207e-16
-5.794717013806425e-18
-1.982162048714076e-17
-0.005953397950538556
-0.00302838355776071
-1.1090698809209578e-16
-0.005738168834330259
-0.005769406881517279
1.0258384749695969e-16
-5.630437992752886e-17
-5.2665132905370735e-17
-0.012433156564658793
-0.005153833315943634
3.8675747254936717e-16
2.1661712616853894e-05
1.835224909257152e-17
-4.380575086490923e-17
-4.5853696051661684e-17
-2.618729442322215e-17
3.431505468185506e-17
1.4543892773357813e-17
-4.6762208871390345e-17
1.3007358690696736e-18
-3.779512855183345e-17
-0.011086743469958997
-0.010336115802798591
3.034952229479904e-17
-1.1655193222151577e-16
8.623678963542027e-17
-0.011585903844664685
-1.8961002364901445e-16
1.0766554587303124e-16
-0.005545915621368677
-0.005172543672216725
1.542860748488062e-17
5.4383981382564186e-17
1.0183513210997829e-16
-0.0076265770523232
-1.0163423802600428e-17
-0.009773088714238267
-4.787704025235629e-17
2.3542577106362543e-16
-2.6887010771449913e-17
-0.007174906575595951
-0.005186943092733329
1.456187012142483e-16
-0.007106413753029073
-3.941679339409424e-17
-0.011661254445173116
-0.0013962440471877225
6.121883239039406e-18
-3.0263392427561963e-16
1.3172735060753923e-17
-0.014316535497469208
6.881334291037707e-17
0.015633874030301725
7.228273916536316e-17
-7.733698912955511e-17
6.947478470028794e-17
0.01416477183833743
-0.009102265717455642
-1.9390482165506075e-16
0.0018648112450300718
6.960911658345643e-17
-0.002331619392487825
-0.002877617762834092
8.29580138142601e-18
1.5985056446989668e-16
-5.787136173439113e-17
-0.0015895138629918248
3.783390060175862e-17
-1.2586243941751676e-16
0.0009055145759733347
0.005089537154188949
-2.0758005119653793e-17
-1.2346828481007826e-16
1.9269836601695804e-16
0.0020571224780309215
3.900039992162557e-17
5.5009082075847966e-17
-1.7428289920393752e-18
-1.949485045828376e-17
-0.00307362902733938
7.406253157417948e-17
7.428287913871618e-18
-5.428582455027489e-18
2.255052224604466e-17
0.012069835175671263
1.0243959372391717e-16
-6.319674352797112e-17
7.617101763608088e-17
0.013585857188870643
0.00016236075437240733
-1.9916991889072973e-16
0.004027151592842181
-0.0008847717227915711
-2.007711051814187e-17
6.573382113367527e-17
3.509516198263485e-17
0.006226454045067485
-0.00840225482675524
-1.2552673145882976e-16
-0.006850968725679041
-1.3894337065720081e-16
-0.00043986193500833974
0.0012094087912263337
-3.535855770430309e-18
-1.7073520520987954e-16
-4.616138809549556e-17
-0.0023693663070408237
-6.18300731014358e-17
0.006451818888473687
4.5283560844573263e-17
3.403925749587129e-17
5.316804997947971e-17
0.009755673839297702
-0.013823286004807296
-1.2539180893015736e-16
0.000195561016484898
6.987195372285533e-18
4.325443924069703e-19
-4.1493034021282677e-17
-0.019441269571785397
9.409650496523587e-17
2.412120259086529e-19
-7.207777899398411e-18
-4.484483704689649e-18
2.060164171876557e-18
-2.874646226807442e-18
-3.3975650062332893e-18
-7.092423980147749e-17
1.7429670778369653e-20
-6.389213777613826e-19
-3.0826245196102047e-18
1.1530679133075535e-18
-1.9124021847734835e-17
7.266812934002244e-19
4.871183607180787e-18
3.172680142764775e-16
-6.873795479510622e-18
-9.952344141590452e-18
1.0845637610370952e-18
-2.4125403386610776e-17
-0.009627986588921639
-6.549276117168349e-17
1.5750343433011534e-16
-6.032304223737702e-17
-0.005137552960270483
-0.005209453875781111
1.2353606383500263e-17
-0.01028141466679807
4.8744957714851715e-17
1.2030781778003298e-18
-1.9935152171594078e-17
-0.010539974810918402
7.995111141118966e-17
2.898522188208608e-17
-3.0202125108011197e-18
4.189863958836588e-17
2.5504873824294926e-18
-1.1654937651254392e-19
-1.5382604713686333e-17
-0.007678554375273609
4.2437702571937076e-17
-2.1594879978306946e-18
-2.3599246002297874e-18
-4.181671207951228e-18
-2.108323476069495e-18
-1.8672845809968115e-18
2.3040069362687056e-20
3.8085630734017956e-17
-9.58473928312605e-19
-1.5331077312781092e-18
-4.088661031269949e-18
-4.023674425947489e-18
-1.299865506816676e-18
-7.19873462061654e-20
-4.535484517650072e-17
-0.020466055003036936
9.301138701933782e-17
-5.5538965785721566e-18
-8.331960492070037e-18
-9.263343291972834e-18
-7.483011964755089e-19
0.000143682157054046
5.644266938330772e-05
-1.4012893155968184e-19
4.6486848495722336e-18
-2.495719413072357e-18
0.0002805923622235834
3.5565587974152597e-19
-2.8026407801954456e-05
2.312812284618159e-18
5.332780702997488e-19
-4.566587359157461e-19
-6.673733799479465e-05
6.094250305847624e-05
4.456003310659447e-18
-2.4127438666077043e-05
-0.0001151707858483686
-5.536738734412238e-18
6.577709756293963e-20
-8.352281035196386e-19
-0.00023223941776472716
0.00023005126494938787
-7.732999424901907e-18
-6.445876851011683e-05
3.1232852493844986e-19
-1.2721176660039685e-19
2.0271822278052172e-20
3.491930391050468e-18
6.221992473950276e-19
-5.870135127333263e-19
-3.3884957054246163e-19
1.9204642146813573e-19
5.75423814337096e-19
2.3316348437805127e-05
1.9935021160611862e-05
1.0433340579230306e-19
2.4948772263352687e-18
-5.748287929133195e-18
3.0860385742515715e-05
-8.02501639187598e-18
-4.004836840188043e-19
0.0001166079111837465
5.79976146691165e-05
-8.019834264150087e-20
2.12131050121854e-18
-9.716403978211467e-19
0.00023139468302898518
-2.0712908030090602e-18
-0.00010427783270126134
2.114672088980718e-18
4.919543150482268e-18
-6.896514451125698e-19
-7.704914856979888e-05
-0.00013047993125584058
7.712420171198028e-18
-0.0002441965571392302
-4.278570263151355e-18
0.0003864477442615692
0.00014176770592501368
-5.692659218709978e-19
4.482719477291742e-18
-8.988673918140966e-19
0.0007764556730805245
1.8482207782233036e-19
2.4282440200098e-16
-0.010212072184291937
-0.005769406881517297
1.8352249092571394e-17
-6.811829822835043e-17
1.0223711007534286e-16
-0.00977308871423826
-4.0807312048278544e-17
-0.017327074369741857
-3.036327554730365e-16
8.28657745349068e-17
-4.3805750864909116e-17
-0.011086743469958958
-0.005545915621368651
-2.2865934041185787e-17
-0.011661254445173056
-0.0024744874803079068
2.5012349881508116e-17
-4.633317575144786e-17
-4.585369605166172e-17
-0.010336115802798576
-0.005172543672216724
2.2633848461350546e-16
-0.0013962440471876685
1.0374534328350157e-17
-1.9821620487140818e-17
-5.266513290537078e-17
-2.697242354882477e-17
3.034952229479911e-17
1.5428607484880673e-17
-2.688701077144993e-17
6.121883239039258e-18
-1.3385780157425856e-16
-0.005953397950538552
-0.012433156564658791
3.431505468185515e-17
-1.0016660620573145e-16
6.070914626482864e-17
-0.007174906575595963
-3.1618022806970987e-16
1.1046791092247554e-16
-0.0030283835577607195
-0.00515383331594363
1.4543892773357816e-17
9.083949288752307e-17
9.569170149665522e-17
-0.005186943092733331
9.401545260715016e-18
-0.015442865640366305
-1.492751917079381e-16
3.7781784432698306e-16
-4.676220887139036e-17
-0.01158590384466471
-0.007626577052323238
1.4732309859170567e-16
-0.014316535497469219
-4.184830578535684e-18
-0.005738168834330206
2.166171261688361e-05
1.3007358690696087e-18
-1.9171267995582966e-16
-1.720041777780207e-17
-0.007106413753029078
4.2148381084555685e-17
-0.020456908355845686
-7.402658095644546e-17
4.242849806485347e-17
-5.848343374317093e-17
-0.014602412864734219
-0.005687748867139921
1.7343374800592374e-16
-0.0034260635314719914
-9.960151135017023e-17
-0.04225038367444129
-0.01781003451172021
5.404621918675348e-17
-5.058210775716113e-16
5.677267608539164e-17
-0.025933160218964964
-1.7332044790641867e-16
5.683921224185325e-17
-0.01781003451172025
-0.027590616596268543
6.897209013560547e-17
-2.104134341538694e-16
9.477055117199913e-17
-0.0104234503647798
-2.447840013368029e-16
-5.848343374317099e-17
5.404621918675356e-17
6.897209013560537e-17
-0.003254267630648374
-8.597596970152116e-17
-3.609402853150797e-17
3.1258985536605294e-17
4.53120618644058e-18
-0.01460241286473424
-5.164369817952578e-16
-1.994988899549339e-16
-8.597596970152118e-17
-0.023342472593557005
-0.008786107781265642
-3.433661200118847e-17
0.0005810141531559094
-0.0056877488671399235
3.999176091392304e-17
9.474266867683171e-17
-3.6094028531507975e-17
-0.008786107781265642
-0.006664115129265318
2.0907766662296448e-16
-0.0011633295044168877
2.0574754759302355e-16
-0.025933160218964996
-0.010423450364779806
3.12589855366052e-17
-5.296123882161092e-17
1.9907340955748675e-16
-0.02758053452352505
-1.7490502320449832e-16
-0.0034260635314719567
-2.0495233411618685e-16
-2.5215838051040113e-16
4.531206186440524e-18
0.0005810141531558872
-0.0011633295044168829
-1.3841420250757195e-16
-0.005252628399114673
-1.781243125224571e-16
0.014177072053274765
0.010392615803576848
-2.9940113188307614e-17
-5.857299494766406e-17
-4.858665269163932e-18
0.0035079667430968206
1.4155548447803924e-16
0.021957060639090042
2.824554638484981e-16
2.1699546223212924e-16
9.984502542112768e-17
0.0192606176397857
-0.01630962546353938
-2.630249227836175e-16
-0.0018077782311748177
0.0100876839582853
2.212867903867826e-16
2.3327560574606734e-16
6.539227459685698e-17
0.01445918332267151
0.0006817772312012178
-9.112188400386782e-17
0.00035076969879347617
-2.9925643344117156e-17
6.511474668903425e-17
7.654640730033437e-17
-1.5505943972392882e-17
-4.187996399481193e-17
4.597561505112239e-19
4.0796636762470496e-17
9.627520232077775e-20
1.811638211274074e-18
0.013820065655990206
0.01708305485952913
-4.820245623185908e-17
1.9065918817707803e-16
-2.804399162807786e-16
0.007882258692568103
2.13847092861299e-16
-9.207591971388104e-17
-0.0008897976108287493
0.005414671037147328
-1.4661810065414458e-17
-1.8772511281475162e-16
2.699556100125287e-17
-0.003787238684756285
1.0267161588948682e-16
0.01058471888264907
-1.3671376872978888e-16
-1.5545695988161138e-16
9.330690552227045e-17
0.017396426377034993
-0.017510730247885943
-4.2348431735608815e-16
-0.004168697563482584
1.1323249445161214e-16
-0.0021718412810234075
-0.0021315366359069424
6.748864441079328e-18
1.3836344367767944e-16
6.858811354690228e-17
-0.0032231861025928767
-1.2875222169132504e-17
7.527401766193036e-18
1.4557122249417495e-17
8.301203866997302e-18
7.033974641171865e-17
2.5105780039855463e-18
8.359702684994529e-19
1.922861238108955e-18
-6.821644664903019e-19
1.3466213974659342e-17
3.398488389327519e-18
-4.9173377609715516e-17
-0.02489918786941436
1.2844364058657018e-16
-2.4722452125921832e-18
-1.0260916859298986e-17
-1.0040539763720496e-17
9.228514487075702e-18
-8.943751301603399e-18
-1.8493058754305485e-18
-0.0036779851661524234
2.94772230667447e-17
1.6005435840197435e-18
-1.6674166488666872e-17
-6.817242399895584e-19
3.6995541109224114e-18
-0.006502297703865799
-0.0011969101496088176
1.8636909963295992e-17
-1.076338687970968e-16
1.3033734200207111e-17
-0.007570884980827928
-1.7182253680290547e-17
4.503108100203633e-18
4.235656498192847e-17
2.1743523597562112e-17
-2.671611502589076e-16
5.2378759581753666e-18
2.4642253300642365e-18
3.9218849046372475e-17
-5.0737079089805165e-19
1.702419902316207e-18
3.014879270930018e-18
5.538409296955387e-18
1.082147108474587e-16
2.3382856218384735e-18
-2.0243729859022706e-19
1.2858854502706405e-19
-4.402382187562107e-19
4.096619052340253e-18
-2.946762337113427e-18
-5.661976136882957e-17
-0.02639561051830677
1.3021024763528903e-16
-2.9076732218121054e-18
-1.3902136372682605e-17
-1.2847144071252977e-17
-1.1254157293620937e-18
-4.457488663736984e-18
-2.7511455038254817e-18
-7.155598192897976e-18
-7.993507416401638e-19
-7.473453744720254e-19
-6.034978964588873e-18
-1.8895587764228167e-18
-0.00010148539979491459
-7.202149701516401e-19
8.172100811675703e-20
-8.402307831905027e-19
-0.00014735504566712587
9.196800698894166e-05
-2.7144881406050497e-19
-5.7416626033557114e-05
-1.742664081473673e-18
0.00015345938449649242
5.229074967737057e-05
-2.879270506548638e-19
7.489327429173586e-19
-8.6031788606068635e-19
0.000361712525452509
-2.003323105016987e-18
2.2423608842296777e-18
0.00019165719291378163
5.3546800034866025e-05
3.8991064703990284e-19
9.913781651070268e-18
-8.583864058436451e-18
0.0004125377215742921
9.87701166205101e-19
4.539699868733076e-19
-5.659033881303857e-19
6.263295326696406e-19
0.00036246079830283713
-9.691151898784937e-19
-3.1414621905553824e-19
-1.1115128725171153e-18
9.632249968762956e-19
5.7065295186873354e-05
5.49478033629364e-19
-2.100313881886812e-18
-1.5122182666444548e-18
7.867550202772914e-05
-7.3403019678903204e-06
9.816258673869978e-19
0.00014083787148906624
-0.0003015400754031786
-2.9964822818010088e-18
4.063345011450354e-18
-3.0755155541042525e-18
-0.0005263724891948417
0.00030246735278407935
3.3133514777403064e-18
-0.00032250307644576224
-3.764180625476642e-18
0.00016154470598731083
6.0790066791341926e-05
-1.6147487682864114e-19
-1.1113107071335803e-18
4.888609794303954e-19
0.0003722702154834751
-4.337440382952768e-18
-0.0002562692868421857
1.769499874919298e-19
4.939028253562423e-18
-2.452056224308911e-18
-0.000505433000347565
0.00043788912186529374
1.3504377390539471e-17
-0.0001620116826997523
0.015633874030301795
8.494728163449462e-17
-1.1472148514655423e-16
5.500908207584803e-17
0.012069835175671274
-0.0008847717227915642
-1.37327461949492e-16
0.00645181888847364
7.026289704455418e-17
-0.00233161939248785
0.0009055145759733373
-1.742828992039388e-18
9.268892184233368e-17
-1.827364733897595e-17
-0.0004398619350083343
5.784812866641593e-17
-6.664972145716695e-17
-0.002877617762834094
0.005089537154188956
-1.9494850458283858e-17
-8.386065445612079e-17
5.634125654023048e-17
0.0012094087912263355
4.436639232770937e-17
6.94747847002878e-17
8.295801381426031e-18
-2.075800511965391e-17
-0.003073629027339382
7.617101763608099e-17
3.5095161982634846e-17
-3.535855770430363e-18
5.3168049979479524e-17
0.0141647718383374
1.5943687091109355e-16
-1.5185899207594427e-16
7.406253157417963e-17
0.013585857188870653
0.006226454045067486
-1.8414473521070554e-16
0.00975567383929767
-0.009102265717455529
-4.097220345214834e-17
2.254123027098508e-16
7.428287913871346e-18
0.00016236075437237073
-0.008402254826755263
-4.542368985313027e-17
-0.01382328600480736
-1.8840022453619293e-16
-0.0015895138629918079
0.002057122478030926
-5.4285824550274964e-18
-1.9939429959344657e-16
-1.2598891214186415e-16
-0.002369366307040831
-1.3553368480287518e-16
0.0018648112450300426
-2.2729394730276882e-17
2.150816491107395e-17
2.2550522246044698e-17
0.004027151592842187
-0.006850968725679025
-4.207974792574194e-17
0.00019556101648499408
-1.8755218413495373e-16
0.021957060639090042
0.010087683958285262
-2.9925643344117175e-17
2.7187059790752312e-18
-8.979055683664747e-17
0.010584718882649117
1.2817066396714045e-16
0.014177072053274783
2.4637679335114173e-16
2.227426454004578e-16
6.511474668903427e-17
0.013820065655990211
-0.0008897976108287439
-1.466194852807978e-16
-0.002171841281023412
0.010392615803576848
2.1392668760962673e-16
2.1978497929108582e-16
7.65464073003344e-17
0.01708305485952913
0.005414671037147327
-1.4875100375000036e-16
-0.002131536635906945
-2.9940113188307533e-17
9.984502542112793e-17
6.53922745968572e-17
-1.547127897778143e-17
-4.820245623185909e-17
-1.4661810065414455e-17
9.330690552227065e-17
6.74886444107928e-18
-3.170776762201479e-17
0.019260617639785736
0.01445918332267155
-4.1879963994812064e-17
1.797267219719915e-16
-1.8779663225033458e-16
0.01739642637703504
1.2585742168824333e-16
1.659257873154183e-17
-0.016309625463539396
0.0006817772312011615
4.597561505112076e-19
-2.9648171461869346e-16
1.6409938904051013e-17
-0.017510730247886026
7.268578504325781e-17
0.003507966743096823
-2.528668240735437e-16
-9.281893039305483e-17
4.0796636762470496e-17
0.007882258692568101
-0.0037872386847562912
-4.1850083464071566e-16
-0.0032231861025928746
1.458147830564857e-16
-0.0018077782311748329
0.00035076969879352
9.627520232075688e-20
1.9726350791663367e-16
9.280149862288272e-17
-0.004168697563482636
-2.6839526419613148e-17
-0.021714737924057967
-2.603545174198986e-19
1.0717503930811366e-16
-7.060308310101676e-17
-0.015136759785887095
0.007836699895865995
2.3426663516127785e-16
-0.002185366434360372
5.6280521986227965e-18
-0.017544564195201118
-0.013597912556801492
3.9654327793666135e-17
-7.693653211027946e-17
2.9404823176769873e-17
-0.005786285872650968
-1.7398791284974405e-16
1.1059486599636611e-16
-0.01359791255680151
-0.016598523466538978
3.321850684807728e-17
-1.374741591365638e-17
1.182091131348247e-16
-0.004122993856338272
-1.1925552076639884e-16
-7.060308310101684e-17
3.965432779366611e-17
3.321850684807727e-17
-0.005939871321925077
-8.4855517886678e-17
1.0726876527932923e-16
1.0301524632867696e-17
1.9674979417169035e-17
-0.015136759785887131
-8.727442507506499e-17
-9.213287920029192e-18
-8.485551788667804e-17
-0.022263381008380927
0.01805435880035523
3.03287289053497e-16
0.0031271937650986293
0.007836699895866033
2.7371461675936276e-17
1.1780492123648175e-16
1.0726876527932929e-16
0.01805435880035523
-0.03433407952709622
-3.265151349121304e-16
-0.007711774847025555
2.3872658119638833e-16
-0.005786285872650976
-0.0041229938563382825
1.0301524632867686e-17
2.978556751949442e-16
-3.244270383087767e-16
-0.00523297118864973
-1.379954833582789e-16
-0.002185366434360316
-1.9343091158940719e-16
-1.0432188020034807e-16
1.9674979417168906e-17
0.0031271937650985977
-0.007711774847025551
-1.2019199590420777e-16
-0.006672022929188707
-5.367372638317536e-18
-3.998578888173516e-18
2.2143956724920846e-17
0.012045199435225225
-6.026761251263563e-17
3.672831927193949e-18
4.53818882886091e-18
7.112343284886506e-18
-7.744796388137525e-18
-1.518639227832777e-17
-1.1540294569405764e-17
-1.6148207983571267e-17
-4.1627339121514225e-18
-1.0340626439771211e-18
-2.765601657214135e-18
4.407049395920313e-19
-3.943210912043654e-18
-1.3004195454908143e-17
-1.4933689423144447e-17
1.2188085961518125e-17
4.0882689184479916e-18
-2.358283136124417e-17
-4.253372278413602e-18
-5.831652678873946e-18
0.000671945824393142
-1.9551383147178515e-17
2.3082690365702194e-17
1.3550524831532968e-16
0.004113224698089637
-0.009513344221986277
-9.372986981515858e-17
-0.0027513079376185355
-6.172542703131439e-18
-1.9966754280719554e-18
3.89890366688787e-17
0.01961693626854238
-1.1661115296475762e-16
4.842180507499421e-17
6.631657859311309e-18
2.122445565753155e-17
3.994416819181417e-18
-2.175736494366438e-18
-6.228665505647256e-17
-0.0281029078073435
1.3850300788664243e-16
-6.60005343817292e-18
-1.2155972882183946e-17
-1.263737957040061e-17
-1.1471416651944626e-18
-2.521863447046037e-18
-3.8508219539106495e-18
-3.475148915548265e-16
-2.784864708588406e-19
-4.474125517689573e-18
-8.342011739414224e-19
-5.929641188344144e-19
2.9650284411843713e-18
-7.530270425112037e-19
-1.109585780319902e-17
-0.004976707922947452
2.7036993489344965e-17
-4.891671678013918e-18
-1.748576043302493e-18
2.5767095920671315e-18
2.616287776807343e-20
2.978801197566806e-20
1.0160632813778656e-18
0.00046096080625518794
-1.9995577131276756e-18
-1.5184016868993882e-19
2.28679687347828e-19
2.3603043190516028e-19
7.731065347247937e-21
1.8991959461949932e-19
6.616927408693348e-20
5.337045024499587e-18
2.457798092687559e-20
-3.731769622162331e-20
4.686505943292577e-19
-7.695202815569647e-21
-2.039967537679117e-19
2.0217086157359494e-19
4.1409735997562887e-20
-7.469615019730217e-18
-1.0046320424473247e-19
-3.659845775892693e-19
4.536172812726813e-19
-5.720551942190142e-19
-0.00010376842548271257
-4.567160144839732e-19
3.306652941306352e-18
1.2475519766054508e-18
-7.477902516203622e-05
-0.00013110006422388165
-1.6327062158907698e-19
-0.0002605847479188109
6.731092091271887e-19
5.711720365643603e-20
1.0504041401718027e-18
0.00047386573679749413
-1.4877283162412662e-18
2.4996389067715466e-19
2.88146250941572e-19
1.5664046120990016e-18
-1.5441659169853319e-19
4.337628010747185e-20
1.2271409301242734e-18
0.0005566752563426336
-2.905701554615624e-18
2.1495012840265582e-19
2.8559467754986464e-19
1.3581667803174039e-19
-4.077643016588837e-20
2.5512609869957276e-19
1.067361423781034e-19
-1.4350739402305183e-18
-2.9127071942612014e-20
-4.701864870697875e-20
5.735394726471648e-19
-1.0105486711916174e-19
-1.1752031376644974e-19
-1.9331023463086726e-20
1.4089885659779963e-18
0.0006479074329824618
-3.153832046368063e-18
1.2591945593580084e-19
1.9166573849036418e-19
1.4023025518572288e-19
6.987195372285556e-18
2.060164171876599e-18
-1.912402184773482e-17
-0.00962798658892163
4.8744957714851684e-17
2.5504873824294864e-18
-2.1083234760695064e-18
-1.2998655068167599e-18
4.325443924069561e-19
-2.874646226807443e-18
7.266812934002074e-19
-7.443665103757743e-17
1.2030781778003821e-18
-1.165493765125403e-19
-1.86728458099683e-18
-7.198734620616673e-20
-4.149303402128279e-17
-3.397565006233466e-18
4.871183607180892e-18
1.6007435349347987e-16
-1.9935152171594106e-17
-1.5382604713686363e-17
2.3040069362788574e-20
-4.5354845176500734e-17
-0.019441269571785436
-1.7594379437393406e-16
3.6553679997571596e-16
-6.032304223737719e-17
-0.010539974810918394
-0.007678554375273613
9.25243988259689e-17
-0.02046605500303688
9.409650496523589e-17
1.7429670778671696e-20
-6.873795479510839e-18
-0.005137552960270491
7.995111141118968e-17
4.243770257193715e-17
-9.584739283127794e-19
9.30113870193379e-17
2.4121202590881523e-19
-6.38921377761343e-19
-9.952344141590488e-18
-0.005209453875781111
2.898522188208599e-17
-2.159487997830712e-18
-1.5331077312781275e-18
-5.553896578572285e-18
-7.20777789939843e-18
-3.0826245196102814e-18
1.084563761037157e-18
1.7607395941114895e-17
-3.020212510801146e-18
-2.3599246002297943e-18
-4.0886610312699165e-18
-8.331960492070051e-18
-4.4844837046896586e-18
1.1530679133074826e-18
-2.4125403386610742e-17
-0.010281414666798072
4.189863958836584e-17
-4.181671207951209e-18
-4.023674425947446e-18
-9.263343291972743e-18
7.527401766193009e-18
1.346621397465938e-17
9.22851448707567e-18
3.894399221123373e-18
4.503108100203644e-18
1.7024199023162036e-18
4.096619052340312e-18
-1.1254157293620704e-18
1.455712224941752e-17
3.398488389327492e-18
-8.943751301603393e-18
-0.006502297703865798
4.235656498192844e-17
3.0148792709299976e-18
-2.946762337113418e-18
-4.457488663737018e-18
8.301203866997392e-18
-4.91733776097156e-17
-1.8493058754305523e-18
-0.0011969101496088167
2.1743523597562087e-17
5.538409296955385e-18
-5.661976136882937e-17
-2.751145503825533e-18
8.21678917989971e-17
-0.024899187869414367
-0.003677985166152419
1.8636909963295992e-17
-2.585366954873341e-16
1.1185831980222378e-16
-0.026395610518306717
-1.9742836956382677e-17
2.5105780039854307e-18
1.2844364058657018e-16
2.9477223066744645e-17
-1.07802424846514e-16
5.2378759581753065e-18
2.3382856218384292e-18
1.3021024763528879e-16
-7.993507416400634e-19
8.35970268499452e-19
-2.4722452125921455e-18
1.6005435840197196e-18
1.2835142841856967e-17
2.4642253300642207e-18
-2.0243729859023361e-19
-2.9076732218121405e-18
-7.473453744719988e-19
1.9228612381089488e-18
-1.0260916859298991e-17
-1.6674166488666896e-17
-0.007570884980827931
3.9218849046372506e-17
1.2858854502707469e-19
-1.3902136372682544e-17
-6.034978964588865e-18
-6.821644664902591e-19
-1.00405397637205e-17
-6.817242399894959e-19
-1.716747553906333e-17
-5.073707908980679e-19
-4.402382187562158e-19
-1.284714407125303e-17
-1.8895587764228425e-18
-5.3673726383175445e-18
-7.744796388137547e-18
-3.943210912043666e-18
0.0006719458243931429
-6.1725427031313805e-18
3.9944168191814104e-18
-1.1471416651944512e-18
2.9650284411844264e-18
-3.9985788881735455e-18
-1.5186392278327795e-17
-1.3004195454908156e-17
-2.263403383896927e-17
-1.9966754280719238e-18
-2.1757364943664625e-18
-2.5218634470460294e-18
-7.53027042511186e-19
2.2143956724920757e-17
-1.1540294569405747e-17
-1.493368942314445e-17
2.3855750811359183e-17
3.8989036668878775e-17
-6.228665505647251e-17
-3.850821953910658e-18
-1.1095857803198853e-17
0.012045199435225178
1.0592716397185388e-18
8.124727856071795e-18
1.3550524831532953e-16
0.019616936268542388
-0.02810290780734349
-3.5425638749229103e-16
-0.004976707922947405
-6.026761251263538e-17
-4.162733912151497e-18
4.088268918447979e-18
0.004113224698089633
-1.1661115296475758e-16
1.3850300788664236e-16
-2.784864708588167e-19
2.7036993489344823e-17
3.672831927193982e-18
-1.034062643977131e-18
-2.3582831361244174e-17
-0.009513344221986273
4.842180507499415e-17
-6.600053438172899e-18
-4.4741255176895685e-18
-4.891671678013916e-18
4.538188828860905e-18
-2.7656016572141172e-18
-4.253372278413599e-18
-9.203132554451687e-17
6.631657859311304e-18
-1.2155972882183943e-17
-8.342011739414308e-19
-1.7485760433024978e-18
7.112343284886475e-18
4.407049395920299e-19
-5.831652678873937e-18
-0.002751307937618528
2.1224455657531433e-17
-1.263737957040053e-17
-5.929641188344128e-19
2.5767095920671376e-18
-0.012724805356576054
-8.083431868887473e-17
1.2076588660041617e-16
-1.905143864371657e-17
-0.006775307802729343
-0.00337568654071342
7.138580340221979e-17
-0.006072265989065616
-7.618689381034804e-17
-0.004897849146783799
-0.001832443075829504
6.268601326591003e-18
-1.0269913637422694e-16
-3.368175523478722e-17
-0.0035656618672372494
-1.6744944167864924e-17
1.1880846046395783e-16
-0.0018324430758295022
-0.001315199548098829
-1.1447510658575427e-16
7.81851821956213e-18
2.811517325159693e-17
3.5837621462000604e-05
2.0784860254499393e-16
-1.9051438643716545e-17
6.26860132659103e-18
-1.144751065857543e-16
-0.053376536891522455
2.273751615153634e-16
-1.042182780941075e-17
-1.8969575798355388e-17
-1.824790843561202e-17
-0.006775307802729324
-1.0448159167679998e-16
8.525806102414779e-18
2.2737516151536373e-16
-0.006785957609791295
-0.0009870205377566043
2.4141271453333168e-17
0.00021268882295679493
-0.003375686540713411
-3.0003130520721264e-17
2.6634828152402264e-17
-1.0421827809410769e-17
-0.0009870205377566013
-0.006970677511833788
1.0585104022296355e-18
-0.002334482773290515
7.196639875189417e-17
-0.003565661867237249
3.583762146200089e-05
-1.8969575798355363e-17
2.3406746589005318e-17
2.6462168010108397e-18
-0.004751898348061356
-4.567835974341863e-17
-0.006072265989065592
-6.0138336609037255e-18
2.0440959390650584e-16
-1.8247908435611986e-17
0.00021268882295681594
-0.002334482773290507
-4.80334477703478e-17
-0.012792771821362903
